0.122747
0.123067
0.123475
0.123964
0.124521
0.12515
0.125863
0.126656
0.12752
0.128461
0.129471
0.13055
0.131714
0.132939
0.134229
0.135644
0.137122
0.138641
0.140213
0.141807
0.143444
0.145127
0.146954
0.14885
0.150711
0.152647
0.154681
0.156793
0.158977
0.161231
0.163549
0.165951
0.168451
0.170995
0.173624
0.176349
0.179181
0.182129
0.185214
0.18838
0.191524
0.194751
0.197973
0.201224
0.204574
0.208027
0.211584
0.21515
0.219044
0.222952
0.226845
0.230841
0.234817
0.239114
0.243306
0.247538
0.251981
0.256567
0.261252
0.265975
0.270801
0.275747
0.280688
0.285702
0.290701
0.296092
0.301468
0.306947
0.312523
0.31823
0.324144
0.330126
0.336032
0.342131
0.348394
0.354719
0.361125
0.367817
0.374675
0.381455
0.388464
0.395495
0.402745
0.410194
0.417523
0.424957
0.432582
0.440422
0.44843
0.456412
0.465016
0.47344
0.482109
0.490708
0.499593
0.508641
0.517751
0.527062
0.536322
0.545812
0.555801
0.565533
0.575049
0.585633
0.595735
0.605834
0.616346
0.626221
0.637101
0.647461
0.657491
0.667503
0.677334
0.687352
0.698827
0.708838
0.719501
0.730803
0.741333
0.752494
0.76242
0.771826
0.780946
0.789925
0.797141
0.803766
0.809073
0.813826
0.81559
0.816259
0.816238
0.815124
0.813703
0.810793
0.805982
0.801525
0.795038
0.788454
0.781993
0.77484
0.76696
0.759429
0.75178
0.745426
0.738462
0.730984
0.724037
0.717004
0.709867
0.703703
0.696688
0.689797
0.683236
0.676605
0.67021
0.664049
0.658379
0.652322
0.646789
0.640658
0.634835
0.629412
0.623621
0.617982
0.612647
0.607528
0.602201
0.597225
0.592399
0.587897
0.583464
0.578991
0.575368
0.571682
0.568009
0.564378
0.56085
0.558017
0.555151
0.552412
0.549905
0.547903
0.545652
0.543811
0.542255
0.54036
0.539184
0.538444
0.537298
0.536707
0.536524
0.536061
0.535643
0.535676
0.535989
0.53654
0.536997
0.538212
0.538736
0.539702
0.540919
0.541893
0.542707
0.544285
0.545633
0.547019
0.548663
0.550321
0.551825
0.553275
0.554935
0.557004
0.558658
0.560713
0.562484
0.564345
0.566605
0.568555
0.570761
0.573338
0.575891
0.577901
0.579583
0.581372
0.583497
0.585333
0.586913
0.588143
0.589845
0.590776
0.591954
0.593332
0.594444
0.595639
0.595088
0.5954
0.595048
0.595262
0.595353
0.596034
0.596457
0.595203
0.594248
0.593387
0.591948
0.591917
0.590874
0.589337
0.58764
0.586131
0.584307
0.582259
0.581046
0.579948
0.577828
0.575032
0.572667
0.570651
0.568421
0.566711
0.564899
0.562863
0.561053
0.558131
0.556066
0.553949
0.551948
0.549379
0.546851
0.544839
0.542988
0.540952
0.539029
0.536954
0.534933
0.533392
0.531917
0.530228
0.528803
0.527521
0.526574
0.525406
0.524536
0.524576
0.524208
0.52357
0.522872
0.522528
0.522873
0.522535
0.521979
0.522278
0.52241
0.52254
0.523156
0.523275
0.523672
0.523979
0.524779
0.525813
0.526441
0.527097
0.527506
0.528207
0.528986
0.529529
0.530609
0.531437
0.53247
0.533299
0.534252
0.535326
0.536566
0.537521
0.538164
0.539171
0.540386
0.541293
0.542597
0.543807
0.544946
0.546565
0.548195
0.549268
0.549929
0.551673
0.553038
0.554746
0.556917
0.558399
0.559957
0.561275
0.562214
0.563233
0.563927
0.564987
0.565986
0.566403
0.566689
0.567327
0.567798
0.568641
0.568565
0.568879
0.568807
0.569549
0.569515
0.569758
0.569684
0.56935
0.568508
0.567668
0.567647
0.567147
0.566321
0.565702
0.565062
0.56404
0.563113
0.56295
0.562723
0.561013
0.559585
0.558336
0.556344
0.555769
0.554932
0.554276
0.553291
0.552356
0.550997
0.550259
0.54919
0.547914
0.547147
0.545786
0.544508
0.543802
0.542845
0.54121
0.539728
0.538605
0.537562
0.536418
0.534963
0.533817
0.532962
0.532431
0.531027
0.530235
0.529875
0.528727
0.528214
0.527677
0.527454
0.527071
0.526481
0.52564
0.525102
0.524599
0.524055
0.523804
0.523249
0.522632
0.522301
0.522262
0.522174
0.52236
0.522534
0.52216
0.521857
0.522443
0.523213
0.523687
0.523632
0.52405
0.525038
0.525459
0.525732
0.526766
0.527157
0.527825
0.528833
0.530008
0.531494
0.532348
0.53342
0.535151
0.536458
0.538164
0.539977
0.541689
0.543534
0.544927
0.546246
0.548362
0.549457
0.550141
0.551492
0.55212
0.553347
0.554203
0.555534
0.555993
0.555979
0.556194
0.556559
0.557059
0.557533
0.558109
0.558665
0.558838
0.558945
0.55863
0.558851
0.559255
0.55825
0.557309
0.556921
0.555867
0.555649
0.554578
0.553689
0.553036
0.552123
0.551293
0.550867
0.550357
0.550053
0.548876
0.54798
0.547319
0.546235
0.545052
0.544621
0.54427
0.543017
0.541782
0.54105
0.540452
0.539392
0.538879
0.538111
0.537197
0.536191
0.535946
0.53493
0.533705
0.533486
0.533122
0.532523
0.531676
0.531047
0.53047
0.530023
0.529351
0.529594
0.529345
0.529249
0.528835
0.528923
0.529252
0.528703
0.528864
0.528821
0.52879
0.528516
0.527866
0.528422
0.52791
0.527564
0.527658
0.527338
0.527439
0.527286
0.527383
0.527885
0.527987
0.528044
0.527912
0.527958
0.528414
0.528043
0.528536
0.528662
0.528721
0.529027
0.529005
0.528982
0.52977
0.529921
0.530666
0.531542
0.531988
0.532319
0.532613
0.533129
0.533988
0.534627
0.535781
0.536725
0.537401
0.538155
0.538629
0.539561
0.540037
0.540206
0.541367
0.541782
0.542221
0.542409
0.542544
0.543432
0.544183
0.544722
0.544913
0.545378
0.545907
0.546587
0.547181
0.547594
0.547974
0.548164
0.548426
0.548564
0.548491
0.548123
0.548114
0.547208
0.547403
0.547042
0.547054
0.546214
0.546437
0.546412
0.546358
0.545701
0.545266
0.544316
0.543835
0.543809
0.543846
0.543584
0.543497
0.543185
0.543214
0.542533
0.54165
0.541048
0.54098
0.540318
0.539501
0.538431
0.537945
0.537084
0.536693
0.535747
0.535169
0.534458
0.533436
0.533279
0.532683
0.532871
0.532514
0.532913
0.533324
0.53255
0.533265
0.534513
0.535353
0.535824
0.536438
0.537588
0.538459
0.539454
0.54003
0.540595
0.540886
0.541233
0.541394
0.541638
0.54183
0.542581
0.543167
0.543668
0.543606
0.544111
0.544775
0.544949
0.546245
0.547241
0.547366
0.547281
0.547788
0.548511
0.548941
0.549336
0.549975
0.549958
0.54963
0.550117
0.550335
0.550239
0.549761
0.549039
0.549021
0.549479
0.549442
0.549596
0.549199
0.54939
0.549179
0.549406
0.549145
0.549059
0.549046
0.549593
0.549138
0.548287
0.547716
0.547777
0.5474
0.546785
0.546403
0.545977
0.544845
0.544205
0.544387
0.54404
0.543406
0.542551
0.541998
0.541163
0.540972
0.540769
0.540307
0.539494
0.539496
0.538764
0.538199
0.537305
0.536701
0.535646
0.535776
0.535557
0.534996
0.534111
0.533703
0.534004
0.534293
0.533625
0.532993
0.533307
0.533684
0.533797
0.533966
0.534481
0.533736
0.534319
0.535263
0.534909
0.535352
0.535634
0.53507
0.533947
0.533234
0.533744
0.533952
0.533544
0.533305
0.533404
0.533993
0.53496
0.534427
0.534936
0.534913
0.535045
0.535106
0.535068
0.534918
0.534731
0.534375
0.533095
0.533847
0.533955
0.533134
0.53263
0.532494
0.532347
0.532559
0.532679
0.53242
0.532265
0.531747
0.532134
0.531266
0.531033
0.530661
0.530992
0.530822
0.530421
0.529459
0.529381
0.528641
0.527892
0.527473
0.526647
0.52595
0.524983
0.525031
0.525301
0.525208
0.525005
0.525739
0.526182
0.526003
0.524985
0.524808
0.525387
0.525214
0.525075
0.525315
0.525321
0.526014
0.52587
0.52583
0.52664
0.525981
0.525939
0.526142
0.52605
0.526047
0.526371
0.526734
0.526725
0.527568
0.527128
0.526993
0.527844
0.528307
0.528592
0.529429
0.529786
0.529867
0.530369
0.531709
0.531925
0.532483
0.533693
0.534953
0.536708
0.537787
0.539167
0.540945
0.542562
0.543404
0.543776
0.545094
0.545958
0.546505
0.546968
0.547499
0.548068
0.548242
0.548596
0.548146
0.547633
0.549509
0.549112
0.549133
0.549698
0.549735
0.549793
0.54988
0.550401
0.549483
0.548819
0.549239
0.549565
0.548963
0.548694
0.549035
0.54852
0.548164
0.548034
0.548363
0.548112
0.547841
0.548147
0.548076
0.547894
0.547559
0.547127
0.547056
0.54708
0.546718
0.545936
0.545774
0.545403
0.54462
0.544536
0.54357
0.542868
0.541467
0.540254
0.53944
0.538391
0.538332
0.537246
0.53706
0.536332
0.535289
0.534517
0.533745
0.533556
0.533247
0.533059
0.532399
0.531941
0.531464
0.531263
0.531346
0.531127
0.530826
0.530217
0.529911
0.529466
0.528868
0.528619
0.527938
0.52736
0.526933
0.526577
0.526875
0.52666
0.526876
0.526968
0.526247
0.526198
0.526675
0.527183
0.527603
0.528233
0.528188
0.528194
0.528187
0.528351
0.528731
0.529006
0.528953
0.528736
0.528623
0.528594
0.528619
0.52848
0.527474
0.528622
0.529279
0.528706
0.529494
0.529122
0.528776
0.528621
0.528777
0.528773
0.528494
0.528866
0.529163
0.529373
0.528944
0.528564
0.52884
0.528584
0.528268
0.527724
0.528024
0.528578
0.528074
0.528522
0.528668
0.528288
0.52813
0.528265
0.528058
0.527733
0.527559
0.52746
0.527907
0.528761
0.529371
0.529619
0.530075
0.530195
0.529822
0.530843
0.532137
0.532483
0.532654
0.533488
0.533852
0.53402
0.534709
0.53535
0.535745
0.536525
0.537044
0.537738
0.537863
0.538977
0.539344
0.538942
0.539971
0.539657
0.540023
0.540191
0.540172
0.540338
0.540418
0.539973
0.539666
0.539833
0.540005
0.53922
0.53889
0.539276
0.53945
0.539099
0.539248
0.538092
0.538431
0.538775
0.53937
0.53945
0.53963
0.53996
0.540543
0.541061
0.541166
0.541291
0.542176
0.542993
0.542545
0.543336
0.54298
0.543117
0.542991
0.543062
0.543526
0.544088
0.543547
0.544731
0.544402
0.544804
0.544712
0.544835
0.545123
0.545506
0.545131
0.544537
0.544654
0.544867
0.545008
0.544867
0.54338
0.544272
0.544885
0.544585
0.5446
0.543953
0.544181
0.543753
0.54383
0.544254
0.544341
0.54406
0.5441
0.544382
0.544488
0.544826
0.543961
0.543283
0.543025
0.54302
0.542223
0.541515
0.540303
0.539459
0.539179
0.53856
0.537954
0.537824
0.537178
0.536513
0.535762
0.534851
0.534025
0.533846
0.534251
0.533897
0.532706
0.53203
0.532266
0.532518
0.533166
0.532856
0.533174
0.533552
0.534113
0.534471
0.53497
0.535308
0.534954
0.535078
0.535424
0.535235
0.535845
0.536018
0.53578
0.535879
0.536505
0.537682
0.537751
0.537437
0.537233
0.537506
0.537491
0.537873
0.538136
0.537911
0.538304
0.538323
0.538275
0.538887
0.538647
0.538492
0.538316
0.538025
0.538883
0.538796
0.537942
0.53822
0.538366
0.538571
0.538349
0.53819
0.538177
0.538443
0.537944
0.537339
0.537779
0.537715
0.536964
0.536745
0.536709
0.53663
0.536448
0.535516
0.535863
0.535206
0.534458
0.534247
0.533721
0.533156
0.532963
0.532782
0.533319
0.533478
0.533878
0.53427
0.534631
0.534593
0.535706
0.536944
0.538049
0.538494
0.538985
0.539972
0.540753
0.540678
0.541669
0.542448
0.542139
0.541815
0.542581
0.542914
0.542596
0.542115
0.541526
0.540706
0.54039
0.539591
0.538431
0.537771
0.537129
0.53568
0.535095
0.534258
0.533817
0.533421
0.532788
0.531943
0.531665
0.532385
0.532401
0.532431
0.532907
0.532849
0.532941
0.532961
0.533241
0.533731
0.532942
0.533054
0.532601
0.531862
0.531952
0.531363
0.530766
0.530248
0.529978
0.530186
0.529574
0.529286
0.529161
0.528704
0.528195
0.52814
0.52888
0.528843
0.528696
0.529062
0.528892
0.529045
0.529069
0.528983
0.528907
0.529014
0.528819
0.527945
0.527528
0.527387
0.527251
0.52762
0.527828
0.52787
0.528367
0.528753
0.529586
0.530314
0.531091
0.53156
0.532112
0.532667
0.533848
0.534252
0.534599
0.535591
0.535857
0.535563
0.535739
0.53567
0.536276
0.536339
0.536184
0.535807
0.535366
0.535334
0.535536
0.535295
0.535225
0.535363
0.535734
0.535741
0.535865
0.535622
0.535656
0.535859
0.536381
0.536699
0.537369
0.537617
0.537922
0.538237
0.539443
0.53962
0.539747
0.540577
0.539942
0.540537
0.540294
0.540645
0.541477
0.541564
0.541442
0.541463
0.541769
0.542034
0.542623
0.542984
0.543617
0.543583
0.544701
0.545367
0.545864
0.545456
0.546441
0.546633
0.547318
0.547495
0.54749
0.546927
0.546903
0.545261
0.545105
0.544785
0.543787
0.543058
0.541196
0.54044
0.539179
0.537479
0.536594
0.536313
0.535329
0.533797
0.53302
0.531834
0.530345
0.529861
0.528603
0.527207
0.526677
0.525522
0.523744
0.52345
0.522294
0.521663
0.521877
0.52129
0.520524
0.519574
0.519584
0.518958
0.518915
0.519477
0.519948
0.520278
0.520704
0.520754
0.521143
0.522091
0.523125
0.523364
0.524265
0.525429
0.526272
0.527982
0.528404
0.529252
0.530123
0.531357
0.532264
0.533583
0.534397
0.535202
0.536043
0.536848
0.537543
0.538812
0.540426
0.540913
0.541035
0.542201
0.54317
0.543864
0.544302
0.545416
0.546323
0.54632
0.546553
0.54778
0.548378
0.548626
0.548775
0.549525
0.549586
0.550009
0.550589
0.551298
0.551807
0.551363
0.551365
0.551937
0.551738
0.551195
0.551265
0.550589
0.550216
0.550004
0.549836
0.549446
0.5491
0.548836
0.548801
0.548527
0.548265
0.547661
0.547471
0.547127
0.547283
0.547486
0.546643
0.546423
0.545308
0.544481
0.544045
0.543164
0.542843
0.541949
0.540414
0.538799
0.537075
0.535655
0.533987
0.531731
0.530517
0.528623
0.526763
0.525239
0.524107
0.522656
0.521111
0.519911
0.51859
0.517828
0.517083
0.516211
0.515787
0.51512
0.51464
0.515019
0.514536
0.513264
0.513047
0.51293
0.512583
0.511927
0.512154
0.511528
0.51133
0.511368
0.510726
0.510001
0.509076
0.509118
0.509226
0.508854
0.508571
0.50876
0.508595
0.508693
0.509323
0.509076
0.509471
0.509117
0.51008
0.510355
0.510904
0.511014
0.510733
0.511246
0.512281
0.513735
0.514211
0.515398
0.516977
0.517097
0.517879
0.518958
0.51919
0.519476
0.520272
0.52116
0.522249
0.523374
0.523829
0.524535
0.524994
0.525639
0.526004
0.526861
0.528208
0.528639
0.528786
0.529602
0.530396
0.531395
0.53178
0.532544
0.533923
0.535503
0.536022
0.536855
0.537739
0.538138
0.539648
0.540432
0.541051
0.541275
0.541418
0.5423
0.543612
0.543707
0.54398
0.544182
0.544591
0.543987
0.545096
0.544509
0.544406
0.544521
0.543984
0.543499
0.543006
0.542124
0.541711
0.54107
0.540211
0.539492
0.539596
0.539341
0.538881
0.538281
0.538466
0.537309
0.536048
0.535064
0.533745
0.532626
0.531614
0.531058
0.530042
0.52963
0.529389
0.529153
0.528557
0.528413
0.528305
0.527487
0.527242
0.527225
0.526935
0.526585
0.526826
0.527224
0.526835
0.527004
0.527047
0.526923
0.526766
0.5261
0.52706
0.528643
0.529388
0.530418
0.530827
0.531482
0.532816
0.533995
0.534981
0.535877
0.53703
0.537617
0.539251
0.539973
0.540831
0.541839
0.542906
0.543668
0.543764
0.544352
0.545199
0.546305
0.546465
0.547225
0.548137
0.548341
0.549067
0.549726
0.550143
0.550712
0.550963
0.551296
0.551112
0.551525
0.552102
0.55183
0.552511
0.552842
0.5527
0.552577
0.553225
0.553064
0.55298
0.552673
0.553021
0.55288
0.552717
0.551939
0.552443
0.551718
0.551536
0.55094
0.550927
0.550578
0.549367
0.549179
0.548695
0.548418
0.548032
0.546673
0.545904
0.544595
0.54375
0.542793
0.541747
0.54041
0.538816
0.537906
0.536308
0.534978
0.532793
0.531768
0.530089
0.529487
0.528291
0.527692
0.526758
0.525836
0.525329
0.524911
0.524072
0.522877
0.523043
0.523611
0.523211
0.522939
0.522903
0.522106
0.52135
0.5212
0.520428
0.520147
0.519485
0.519144
0.519064
0.519055
0.518661
0.518651
0.518857
0.518764
0.518493
0.518585
0.519337
0.520003
0.520053
0.520298
0.521186
0.522179
0.523664
0.524682
0.525739
0.52699
0.527834
0.52921
0.530995
0.531758
0.533517
0.535014
0.536173
0.53806
0.538885
0.540234
0.541201
0.541603
0.541769
0.541907
0.542415
0.542335
0.542294
0.542662
0.542085
0.541763
0.541038
0.540725
0.539287
0.538249
0.537991
0.537133
0.536294
0.535765
0.535448
0.535031
0.534818
0.534333
0.53401
0.533208
0.533146
0.533442
0.53414
0.53505
0.535633
0.536033
0.53612
0.535999
0.537128
0.53747
0.538175
0.538623
0.538513
0.538757
0.539289
0.53959
0.538882
0.538877
0.538819
0.538401
0.538041
0.538393
0.538333
0.538088
0.537535
0.537357
0.536296
0.535662
0.536059
0.535487
0.53492
0.534382
0.534713
0.534971
0.535246
0.535432
0.535117
0.535008
0.535219
0.535142
0.535174
0.535376
0.536053
0.536504
0.536785
0.536913
0.537403
0.53768
0.537395
0.53759
0.538311
0.538416
0.53827
0.537835
0.537043
0.536618
0.536894
0.537088
0.5369
0.535872
0.537221
0.537466
0.537619
0.537649
0.537285
0.537791
0.538354
0.53886
0.539094
0.538886
0.538921
0.539177
0.5385
0.538202
0.538093
0.536954
0.536412
0.535672
0.534762
0.53402
0.53365
0.533003
0.532502
0.532129
0.5323
0.532037
0.532382
0.533143
0.533397
0.533909
0.533864
0.534184
0.534178
0.533573
0.534199
0.534237
0.534121
0.533733
0.533324
0.533193
0.533768
0.533858
0.534292
0.534549
0.535057
0.534396
0.533915
0.53343
0.533799
0.534112
0.533792
0.533225
0.532579
0.532538
0.532866
0.533195
0.53267
0.533783
0.535073
0.535145
0.535156
0.534929
0.535484
0.536218
0.536579
0.537047
0.536973
0.537252
0.538595
0.539382
0.539876
0.540492
0.541272
0.541709
0.541582
0.541632
0.541662
0.542282
0.542043
0.542301
0.541766
0.541445
0.54096
0.540279
0.540932
0.541612
0.541325
0.539922
0.539896
0.540072
0.539589
0.539504
0.539911
0.540047
0.540247
0.540339
0.54012
0.540833
0.540604
0.540735
0.540776
0.540633
0.539407
0.539206
0.538543
0.537082
0.536636
0.535731
0.534792
0.534105
0.533963
0.533475
0.532627
0.532534
0.532443
0.531887
0.531427
0.530855
0.530596
0.529104
0.528937
0.527553
0.527281
0.526899
0.527068
0.526502
0.526297
0.526393
0.526197
0.525968
0.526278
0.526766
0.526523
0.526753
0.526846
0.527773
0.527904
0.52768
0.528285
0.528662
0.529197
0.529819
0.530596
0.530773
0.532024
0.533079
0.533995
0.535468
0.536528
0.537424
0.538283
0.539209
0.540163
0.541482
0.542027
0.54292
0.54429
0.544901
0.544661
0.544097
0.543547
0.544288
0.544135
0.543518
0.543262
0.542843
0.54298
0.541796
0.541759
0.54079
0.540038
0.539153
0.538009
0.537359
0.536448
0.534894
0.53522
0.533749
0.532447
0.531778
0.530063
0.529335
0.527526
0.527088
0.525572
0.524271
0.522966
0.522014
0.521241
0.520385
0.519316
0.518724
0.517991
0.517602
0.516993
0.515942
0.514566
0.513618
0.512545
0.512394
0.511788
0.511336
0.510458
0.510414
0.51059
0.510454
0.51098
0.511707
0.51221
0.512802
0.512732
0.513303
0.515184
0.516465
0.517224
0.518295
0.519289
0.520866
0.52241
0.523908
0.525454
0.526327
0.527914
0.528811
0.530204
0.53245
0.534228
0.535924
0.536499
0.537612
0.538703
0.539767
0.540055
0.539696
0.539688
0.539686
0.539615
0.539404
0.538604
0.538222
0.537412
0.536474
0.535862
0.535191
0.534602
0.534656
0.534325
0.53374
0.533622
0.53364
0.533648
0.533218
0.53381
0.532616
0.532602
0.532045
0.531038
0.531092
0.531225
0.530771
0.530882
0.531053
0.530687
0.531102
0.531281
0.531605
0.532264
0.533488
0.534483
0.535265
0.536877
0.537968
0.538521
0.539575
0.539842
0.540057
0.540071
0.540136
0.539625
0.539684
0.540718
0.541011
0.540068
0.539688
0.540111
0.540012
0.538855
0.538171
0.538018
0.538352
0.537748
0.536507
0.536545
0.536349
0.535364
0.535527
0.534961
0.534706
0.534468
0.534485
0.534608
0.535179
0.535087
0.535516
0.535228
0.535408
0.534817
0.534124
0.533458
0.532231
0.531294
0.530252
0.530209
0.530068
0.529508
0.528833
0.529575
0.529962
0.530336
0.530188
0.530098
0.530962
0.531228
0.530647
0.531731
0.532177
0.531152
0.531047
0.530918
0.531385
0.530375
0.529014
0.527807
0.527568
0.527295
0.527175
0.52709
0.526979
0.526941
0.525978
0.525743
0.525954
0.526073
0.526434
0.526894
0.527512
0.527806
0.527724
0.527571
0.528183
0.528638
0.528746
0.52949
0.529232
0.529524
0.530023
0.529465
0.529433
0.530006
0.529564
0.529028
0.529246
0.528872
0.529069
0.529257
0.529549
0.52992
0.530058
0.530234
0.529935
0.529621
0.529853
0.530427
0.530702
0.531746
0.531924
0.531893
0.532473
0.532972
0.533333
0.533447
0.532863
0.532539
0.533205
0.533397
0.53385
0.533576
0.533428
0.533982
0.533912
0.533771
0.533715
0.533864
0.534261
0.535016
0.535082
0.534928
0.534506
0.534833
0.534832
0.534791
0.53533
0.535204
0.535875
0.536317
0.536506
0.537381
0.538234
0.538487
0.539328
0.539784
0.540532
0.539928
0.539877
0.539581
0.539159
0.5392
0.539934
0.540465
0.540552
0.541196
0.542092
0.542663
0.543808
0.544615
0.545118
0.546253
0.546502
0.546699
0.546735
0.546554
0.545875
0.545721
0.54532
0.544732
0.544743
0.544594
0.544745
0.544608
0.544491
0.544322
0.545169
0.544553
0.545018
0.544605
0.543663
0.543671
0.543213
0.542465
0.542137
0.541473
0.540831
0.540413
0.540552
0.539775
0.53917
0.538517
0.538319
0.537368
0.53679
0.536369
0.535419
0.534604
0.533745
0.532299
0.531175
0.529836
0.528841
0.527987
0.526867
0.526914
0.526559
0.525865
0.525026
0.524619
0.524553
0.524107
0.524152
0.523387
0.52269
0.523205
0.522972
0.523168
0.523631
0.523706
0.523618
0.523425
0.523665
0.524183
0.524493
0.525223
0.525268
0.525433
0.526148
0.527241
0.527651
0.52891
0.52881
0.52897
0.528881
0.529818
0.530536
0.531085
0.53056
0.53124
0.531569
0.531115
0.530997
0.530692
0.530896
0.530976
0.530963
0.530769
0.530761
0.530002
0.530145
0.530304
0.530518
0.530708
0.530693
0.531694
0.531622
0.531357
0.531828
0.531654
0.531205
0.531645
0.531515
0.5316
0.532395
0.532621
0.534067
0.535292
0.535959
0.536673
0.537855
0.539
0.540274
0.540963
0.542066
0.542673
0.542271
0.542496
0.542846
0.542944
0.542246
0.54185
0.54213
0.541572
0.540369
0.540374
0.539938
0.539058
0.537504
0.537813
0.537521
0.536776
0.536858
0.537526
0.536996
0.538027
0.537969
0.53798
0.53728
0.537729
0.537022
0.536138
0.534708
0.534052
0.534189
0.533383
0.533287
0.533264
0.532249
0.532086
0.531663
0.531828
0.531813
0.53224
0.53252
0.53236
0.53246
0.532229
0.533012
0.533558
0.533645
0.5338
0.534785
0.535405
0.535649
0.535397
0.535814
0.536758
0.536609
0.536678
0.536927
0.536914
0.53653
0.536504
0.53669
0.537097
0.537176
0.537607
0.538249
0.537658
0.537164
0.537498
0.537145
0.537315
0.537518
0.53807
0.538591
0.539292
0.539455
0.539377
0.539276
0.538847
0.5388
0.537999
0.536482
0.536567
0.535441
0.534886
0.533269
0.531326
0.530337
0.527984
0.525599
0.524455
0.522265
0.520236
0.518463
0.51669
0.515221
0.514725
0.514028
0.51363
0.512971
0.512557
0.512319
0.512688
0.512655
0.513511
0.513744
0.513366
0.514151
0.514271
0.514479
0.514901
0.515014
0.515123
0.514662
0.514899
0.515601
0.515427
0.514399
0.515782
0.516727
0.517215
0.517328
0.517517
0.517873
0.517845
0.518262
0.518726
0.519407
0.519362
0.518959
0.519681
0.519965
0.520368
0.521148
0.522064
0.523203
0.524075
0.525457
0.526031
0.527548
0.529458
0.530415
0.532026
0.533665
0.535515
0.53661
0.538428
0.540116
0.541797
0.543399
0.54343
0.543965
0.544872
0.544722
0.545101
0.544972
0.544422
0.543716
0.543111
0.543401
0.543255
0.542862
0.542444
0.541789
0.540059
0.539725
0.538557
0.53797
0.536861
0.536452
0.536224
0.535721
0.535089
0.53497
0.534524
0.533065
0.533025
0.533384
0.532798
0.532692
0.532451
0.531831
0.532476
0.532264
0.531508
0.53087
0.530604
0.530777
0.529629
0.530831
0.531237
0.531482
0.531416
0.531572
0.53231
0.532313
0.532479
0.533031
0.533632
0.533894
0.533299
0.533372
0.533144
0.533333
0.533817
0.533576
0.533268
0.53359
0.533751
0.533437
0.533796
0.534423
0.534079
0.533031
0.531601
0.530312
0.530129
0.529344
0.528193
0.526761
0.527313
0.527054
0.527027
0.526002
0.526065
0.525998
0.52609
0.526717
0.527214
0.527404
0.528349
0.528647
0.529692
0.530341
0.530291
0.53015
0.530714
0.530718
0.531236
0.532553
0.532807
0.534048
0.534782
0.535296
0.535258
0.535699
0.536924
0.536863
0.537136
0.537659
0.538373
0.538241
0.537904
0.538192
0.5383
0.537418
0.537822
0.537394
0.537208
0.537673
0.538679
0.539339
0.539704
0.539724
0.539656
0.540924
0.540284
0.539978
0.540065
0.540076
0.539139
0.539516
0.539405
0.538802
0.537516
0.536987
0.536599
0.535489
0.534001
0.533836
0.533361
0.533285
0.532953
0.533209
0.534217
0.533868
0.533186
0.53318
0.533826
0.53408
0.534098
0.533984
0.534095
0.533997
0.534067
0.534255
0.534482
0.533862
0.533025
0.533503
0.533289
0.532369
0.531659
0.531074
0.530914
0.530329
0.529898
0.529422
0.529547
0.530151
0.530457
0.530463
0.530559
0.530981
0.531968
0.532428
0.533573
0.534023
0.534595
0.534913
0.535917
0.536449
0.537424
0.537942
0.538805
0.539801
0.540131
0.53979
0.538995
0.539265
0.540259
0.540492
0.540296
0.540312
0.541225
0.542452
0.543047
0.542638
0.542813
0.542938
0.54367
0.543684
0.543835
0.544065
0.543639
0.543089
0.543028
0.542889
0.543359
0.543607
0.543424
0.543257
0.543793
0.543185
0.543347
0.542464
0.541986
0.540901
0.540571
0.540929
0.540102
0.538769
0.538273
0.537599
0.536841
0.535976
0.534149
0.533736
0.533539
0.533834
0.533467
0.533272
0.532686
0.53359
0.533522
0.533324
0.533276
0.532115
0.531246
0.530463
0.530121
0.529812
0.529335
0.528717
0.528155
0.527829
0.527832
0.526114
0.526094
0.525696
0.525607
0.525116
0.525338
0.525856
0.525536
0.524363
0.524597
0.52469
0.524372
0.524339
0.524807
0.524859
0.524951
0.526157
0.526317
0.526393
0.527496
0.528831
0.529834
0.52962
0.52958
0.529942
0.529588
0.529817
0.529739
0.529603
0.529321
0.529652
0.529321
0.529427
0.529781
0.530346
0.531059
0.530921
0.530706
0.531826
0.532235
0.532029
0.533343
0.533957
0.534533
0.534969
0.534672
0.536029
0.536262
0.537596
0.537664
0.537539
0.537882
0.538429
0.53817
0.5383
0.537429
0.5368
0.536504
0.536959
0.537163
0.537501
0.537881
0.538212
0.539491
0.541522
0.542691
0.543939
0.545083
0.546771
0.547685
0.547991
0.548568
0.549453
0.549581
0.550437
0.550345
0.550267
0.550595
0.550061
0.550602
0.550583
0.550331
0.548941
0.549251
0.548797
0.547628
0.546378
0.545367
0.545012
0.543683
0.543314
0.542825
0.541635
0.540734
0.540314
0.539435
0.537331
0.536642
0.535594
0.534314
0.53334
0.533103
0.53173
0.530581
0.529408
0.528932
0.529218
0.528848
0.528846
0.528778
0.529309
0.529698
0.529729
0.530419
0.530112
0.529723
0.528393
0.528062
0.527609
0.526972
0.52608
0.526316
0.525961
0.525807
0.52537
0.525717
0.525705
0.525627
0.52652
0.526783
0.527038
0.526984
0.528104
0.529111
0.529747
0.529894
0.529098
0.528096
0.527633
0.526698
0.525926
0.52612
0.525925
0.52601
0.525473
0.525461
0.525339
0.525174
0.523962
0.523824
0.523762
0.523821
0.523689
0.523673
0.522678
0.522202
0.522679
0.522821
0.522122
0.522849
0.524313
0.524403
0.525249
0.526279
0.527645
0.527696
0.528857
0.529311
0.530861
0.532741
0.533292
0.534413
0.534707
0.535201
0.535834
0.537168
0.537119
0.537189
0.537344
0.537441
0.53771
0.537661
0.538574
0.538959
0.538947
0.539347
0.539885
0.540166
0.540916
0.541847
0.54258
0.542406
0.541893
0.542011
0.54143
0.541386
0.541121
0.540441
0.539695
0.539459
0.538212
0.538742
0.538207
0.537734
0.537933
0.536539
0.535729
0.535394
0.534564
0.533686
0.531935
0.530706
0.529674
0.527388
0.526672
0.525908
0.524175
0.523487
0.522063
0.520589
0.520399
0.519734
0.519534
0.519409
0.519567
0.520091
0.520028
0.520856
0.521712
0.522365
0.523843
0.523948
0.524745
0.525398
0.525834
0.526303
0.527029
0.52705
0.52608
0.525383
0.525384
0.526361
0.525748
0.526166
0.526365
0.527135
0.527413
0.527578
0.52784
0.52841
0.528747
0.528872
0.529998
0.530395
0.530654
0.531934
0.531881
0.53176
0.531711
0.531205
0.530744
0.53027
0.530318
0.529716
0.529883
0.529823
0.529373
0.528236
0.527598
0.527307
0.52659
0.526568
0.526296
0.526106
0.525295
0.525277
0.525945
0.526079
0.526974
0.527627
0.528012
0.528568
0.529116
0.529296
0.530174
0.530981
0.531673
0.5322
0.532817
0.532685
0.532979
0.533562
0.533776
0.534147
0.534196
0.534791
0.535307
0.534607
0.535168
0.53545
0.535181
0.53571
0.53393
0.534968
0.53555
0.534875
0.534732
0.533972
0.533794
0.533609
0.532808
0.532367
0.532056
0.531685
0.531366
0.531357
0.531422
0.531696
0.532102
0.532372
0.532641
0.532936
0.532849
0.533656
0.533896
0.533499
0.534071
0.534257
0.534189
0.534362
0.534247
0.533797
0.534488
0.53544
0.53585
0.536018
0.537201
0.538604
0.538655
0.539132
0.539548
0.539398
0.540398
0.540897
0.540745
0.540056
0.53913
0.539522
0.539061
0.538865
0.538661
0.538111
0.538137
0.538219
0.537839
0.537222
0.536961
0.536487
0.53605
0.535759
0.535079
0.533992
0.534033
0.533069
0.533387
0.533169
0.532017
0.532216
0.532099
0.531803
0.531156
0.530485
0.530716
0.529844
0.528988
0.5288
0.528508
0.527503
0.528036
0.527138
0.526609
0.525947
0.5258
0.525655
0.525849
0.525462
0.524667
0.524767
0.524358
0.524763
0.525664
0.525534
0.525627
0.526538
0.528245
0.52881
0.529045
0.529748
0.52943
0.529225
0.529259
0.528774
0.527885
0.526829
0.525733
0.525985
0.525481
0.525408
0.524872
0.523987
0.523989
0.523536
0.523573
0.52409
0.52425
0.524391
0.524232
0.524682
0.524776
0.525894
0.526173
0.526586
0.52766
0.528883
0.529605
0.531057
0.531552
0.5331
0.534688
0.536133
0.537535
0.538812
0.538849
0.538303
0.538328
0.536984
0.537256
0.536017
0.534552
0.533939
0.532443
0.531377
0.530297
0.528534
0.527351
0.52565
0.524116
0.523035
0.521722
0.52044
0.519233
0.517354
0.516403
0.515556
0.514939
0.514189
0.51335
0.513296
0.512915
0.512939
0.512747
0.513021
0.513566
0.514248
0.514955
0.515704
0.517074
0.517736
0.51809
0.519531
0.520791
0.522147
0.523031
0.523802
0.525094
0.525968
0.526577
0.526782
0.527075
0.526827
0.526398
0.526223
0.525416
0.525054
0.524851
0.525224
0.524729
0.524447
0.524213
0.52367
0.524021
0.524858
0.524871
0.525356
0.524821
0.524988
0.525705
0.526011
0.526024
0.525881
0.526419
0.527783
0.527862
0.528287
0.527576
0.528217
0.528554
0.529194
0.528936
0.529283
0.530247
0.531781
0.532508
0.533294
0.535058
0.536629
0.537282
0.539668
0.541193
0.543054
0.543878
0.544787
0.546923
0.548534
0.549325
0.550576
0.551596
0.553298
0.553893
0.553609
0.553296
0.553842
0.554127
0.553772
0.554223
0.555135
0.555423
0.555217
0.555033
0.555189
0.554677
0.553559
0.551827
0.552586
0.551281
0.550442
0.549586
0.548621
0.546422
0.544592
0.543184
0.542112
0.540957
0.540084
0.538695
0.539018
0.538897
0.538491
0.53762
0.537123
0.536069
0.53529
0.535098
0.533864
0.534456
0.534406
0.534487
0.533826
0.533257
0.532884
0.532393
0.532304
0.531681
0.531688
0.531071
0.530543
0.529867
0.529004
0.529189
0.529192
0.52851
0.527579
0.526378
0.527536
0.527508
0.527252
0.527277
0.526376
0.525764
0.524908
0.52408
0.523571
0.523891
0.523686
0.524305
0.52457
0.525334
0.525285
0.525783
0.526846
0.526986
0.527391
0.528346
0.52923
0.530379
0.53118
0.532691
0.533978
0.535155
0.535889
0.535712
0.536574
0.53603
0.535547
0.534931
0.534079
0.533419
0.533359
0.532894
0.532834
0.53277
0.532824
0.532453
0.532245
0.532541
0.532819
0.532901
0.531718
0.531756
0.532849
0.533483
0.534303
0.534764
0.535955
0.536143
0.536686
0.537117
0.537827
0.53835
0.539569
0.541743
0.541961
0.542443
0.542078
0.540922
0.539522
0.539225
0.538039
0.537523
0.537868
0.537991
0.538265
0.539048
0.539673
0.540541
0.540101
0.538904
0.539078
0.538592
0.537145
0.536944
0.535815
0.533842
0.5335
0.532148
0.530028
0.528485
0.527128
0.525633
0.523902
0.52231
0.520224
0.5196
0.518667
0.517888
0.517342
0.517007
0.516681
0.516049
0.515833
0.516192
0.516137
0.516258
0.516013
0.517192
0.51853
0.519837
0.519893
0.52027
0.521901
0.522822
0.522958
0.523266
0.523915
0.524738
0.525419
0.525787
0.525521
0.524706
0.525551
0.525559
0.52481
0.525327
0.526128
0.526289
0.525849
0.526216
0.5272
0.527526
0.527758
0.528558
0.529326
0.529565
0.530108
0.53056
0.531421
0.531864
0.532199
0.531972
0.532049
0.532413
0.533369
0.533705
0.533213
0.534031
0.534026
0.535322
0.536633
0.536555
0.536676
0.536996
0.537023
0.537586
0.536833
0.536741
0.537303
0.537271
0.537558
0.538008
0.537986
0.538077
0.537865
0.53737
0.53772
0.537977
0.537976
0.53808
0.537996
0.537384
0.537478
0.537571
0.537421
0.537708
0.537497
0.53802
0.536811
0.538033
0.538573
0.538759
0.538232
0.53814
0.538097
0.537384
0.536416
0.53537
0.53356
0.531528
0.53033
0.529502
0.527726
0.526518
0.526264
0.524831
0.523943
0.523605
0.523518
0.523773
0.523529
0.523116
0.523056
0.523546
0.523953
0.524403
0.525003
0.525587
0.526661
0.527114
0.526611
0.525823
0.525288
0.524983
0.524115
0.524097
0.523871
0.523625
0.52341
0.523412
0.523098
0.523579
0.52404
0.524193
0.523853
0.523514
0.524573
0.525189
0.525331
0.525647
0.525884
0.526113
0.526456
0.527358
0.527701
0.528081
0.528817
0.530155
0.530997
0.531848
0.532856
0.533376
0.534153
0.534383
0.534218
0.533526
0.53379
0.532694
0.531928
0.531824
0.531204
0.530984
0.530398
0.530247
0.530126
0.529606
0.529648
0.530253
0.529603
0.530308
0.530611
0.530757
0.530716
0.531118
0.531171
0.531974
0.532699
0.533671
0.534147
0.535071
0.536469
0.537706
0.538856
0.540542
0.542493
0.543529
0.544055
0.544748
0.54583
0.546374
0.546279
0.546102
0.546094
0.546207
0.546572
0.545818
0.545773
0.546091
0.545946
0.545452
0.545089
0.544767
0.544538
0.543478
0.542635
0.542574
0.541665
0.540522
0.539636
0.538985
0.537903
0.537326
0.537131
0.536952
0.535957
0.535167
0.535
0.534016
0.533128
0.532588
0.532666
0.532899
0.53337
0.533498
0.533542
0.533022
0.532684
0.532776
0.534065
0.534502
0.533615
0.533002
0.534091
0.534015
0.533381
0.533113
0.532603
0.532214
0.532643
0.533093
0.53234
0.532195
0.532461
0.533395
0.533832
0.533622
0.534184
0.535655
0.536647
0.536929
0.538243
0.539911
0.540734
0.541233
0.541834
0.542275
0.54167
0.541738
0.541742
0.541688
0.541204
0.541536
0.541922
0.54256
0.544146
0.544758
0.545333
0.546275
0.546647
0.547037
0.548138
0.54722
0.546201
0.545696
0.545078
0.543487
0.542121
0.540319
0.538292
0.537018
0.534268
0.531943
0.52974
0.527149
0.524898
0.52246
0.521188
0.519705
0.517976
0.516862
0.516078
0.515633
0.51575
0.516023
0.516331
0.517057
0.518053
0.519791
0.520031
0.521243
0.522275
0.523366
0.523668
0.523519
0.524005
0.52418
0.524836
0.525372
0.525206
0.526454
0.527117
0.527023
0.527686
0.527767
0.528318
0.527953
0.528438
0.528423
0.528111
0.528281
0.527961
0.528164
0.528801
0.529123
0.529496
0.529546
0.529703
0.529663
0.530196
0.529346
0.530441
0.530171
0.531157
0.531014
0.52989
0.528675
0.527568
0.527583
0.527211
0.526592
0.526902
0.526307
0.526015
0.526085
0.525948
0.525653
0.52566
0.525285
0.525435
0.525608
0.525114
0.524453
0.52473
0.524433
0.523286
0.522221
0.521037
0.520347
0.520135
0.519513
0.519051
0.519089
0.518667
0.517894
0.517893
0.517822
0.516868
0.516073
0.515431
0.515599
0.515743
0.515981
0.516605
0.516964
0.517821
0.519416
0.520615
0.521224
0.524008
0.526506
0.528666
0.530805
0.532205
0.534922
0.53644
0.537478
0.538679
0.539802
0.539652
0.539798
0.538705
0.540107
0.540075
0.540209
0.539965
0.539251
0.538497
0.53738
0.537431
0.537209
0.535402
0.534137
0.533027
0.532073
0.530173
0.529489
0.528767
0.528104
0.527015
0.527005
0.526469
0.525206
0.524203
0.524335
0.524267
0.523933
0.523812
0.523164
0.523221
0.522446
0.521725
0.522523
0.523472
0.523377
0.524122
0.525501
0.526341
0.526351
0.527321
0.528476
0.529593
0.529051
0.528373
0.52808
0.529517
0.529488
0.529043
0.52865
0.528129
0.527862
0.528453
0.528388
0.528509
0.528601
0.528616
0.529035
0.529878
0.529642
0.530358
0.530796
0.53148
0.531088
0.531193
0.531302
0.531131
0.530549
0.529125
0.5291
0.529395
0.529959
0.530971
0.531597
0.532308
0.532872
0.533936
0.534724
0.535551
0.536923
0.538224
0.538937
0.539002
0.539376
0.540637
0.541262
0.541357
0.542046
0.543179
0.543125
0.542321
0.541388
0.540607
0.540055
0.538776
0.537555
0.53593
0.534637
0.534114
0.533308
0.53191
0.530883
0.529696
0.528419
0.527518
0.526401
0.525705
0.525231
0.52467
0.523727
0.522607
0.520645
0.519514
0.51903
0.518401
0.517603
0.516008
0.515508
0.515636
0.514742
0.514757
0.514766
0.51432
0.515085
0.515582
0.515436
0.515152
0.515946
0.515738
0.517293
0.519002
0.520116
0.521858
0.523767
0.525999
0.528464
0.530202
0.531566
0.532334
0.533475
0.534026
0.535158
0.536606
0.53721
0.536291
0.537034
0.537128
0.536757
0.537246
0.537828
0.538252
0.538751
0.538599
0.539949
0.541048
0.540566
0.540258
0.540227
0.539748
0.539344
0.5394
0.538829
0.538338
0.537864
0.538273
0.537739
0.537835
0.536972
0.53574
0.534834
0.533256
0.532503
0.531184
0.530077
0.528401
0.526807
0.525143
0.523047
0.523511
0.523222
0.522985
0.521879
0.521033
0.520154
0.519056
0.518302
0.517368
0.516769
0.515833
0.515209
0.516245
0.516121
0.516538
0.517361
0.517793
0.518589
0.520133
0.521156
0.522981
0.524159
0.525582
0.526135
0.526936
0.527811
0.527897
0.52831
0.529136
0.529435
0.529936
0.530033
0.531017
0.531364
0.531652
0.532227
0.532833
0.533292
0.533732
0.534694
0.534973
0.53562
0.536197
0.537484
0.539536
0.540216
0.540721
0.541383
0.542164
0.542166
0.541834
0.542109
0.542906
0.542965
0.542722
0.542868
0.543824
0.544385
0.544212
0.544549
0.544884
0.545173
0.546169
0.546206
0.545868
0.545171
0.544931
0.545345
0.545763
0.54567
0.54536
0.545349
0.544522
0.544309
0.544388
0.543219
0.542441
0.541083
0.540231
0.539355
0.537991
0.536757
0.535408
0.533881
0.532983
0.531167
0.528598
0.526904
0.526627
0.52611
0.525508
0.524356
0.52417
0.523476
0.522897
0.522577
0.522212
0.521499
0.521848
0.521474
0.521568
0.521702
0.521807
0.522138
0.522841
0.523209
0.523763
0.524589
0.52623
0.52775
0.52939
0.530746
0.532766
0.534855
0.535691
0.536895
0.53838
0.540002
0.541163
0.541934
0.543383
0.543667
0.543921
0.544185
0.544499
0.54358
0.543602
0.542733
0.54212
0.539896
0.538606
0.536622
0.534101
0.532827
0.531211
0.530446
0.528543
0.526353
0.525551
0.52426
0.523091
0.522112
0.521163
0.520321
0.51898
0.518339
0.517248
0.516546
0.516121
0.51544
0.514766
0.514329
0.515024
0.514501
0.51414
0.513845
0.514729
0.515965
0.516946
0.51821
0.52013
0.520984
0.52181
0.523601
0.524886
0.526546
0.527851
0.529098
0.530916
0.532748
0.534968
0.537448
0.538486
0.539049
0.53981
0.539904
0.540031
0.539067
0.538327
0.538083
0.537715
0.537332
0.536737
0.536833
0.535998
0.535193
0.533747
0.533554
0.532816
0.531833
0.532259
0.532444
0.532546
0.532323
0.531987
0.53162
0.530566
0.530302
0.52954
0.528997
0.528869
0.5288
0.528117
0.527641
0.527059
0.52726
0.527111
0.52643
0.525742
0.524966
0.523969
0.5235
0.522807
0.522628
0.522575
0.522642
0.522208
0.522484
0.522562
0.521692
0.521107
0.521187
0.521121
0.521582
0.522508
0.522671
0.522693
0.52387
0.524621
0.524918
0.524559
0.524931
0.52567
0.526472
0.526978
0.526546
0.526447
0.526519
0.526605
0.527099
0.52744
0.527964
0.528058
0.528915
0.529702
0.528829
0.530907
0.532387
0.53238
0.532468
0.533595
0.53474
0.534839
0.535444
0.535717
0.536531
0.53762
0.537952
0.538162
0.5398
0.540005
0.540052
0.540008
0.539935
0.53998
0.539267
0.538681
0.538625
0.538886
0.53889
0.539584
0.539398
0.539546
0.539519
0.539521
0.539414
0.539565
0.538912
0.538826
0.537761
0.536843
0.536135
0.535585
0.535068
0.535708
0.53581
0.53486
0.534593
0.534261
0.534085
0.53358
0.533314
0.532838
0.532543
0.531754
0.531527
0.530825
0.53009
0.528949
0.528416
0.527222
0.527622
0.527302
0.52843
0.528979
0.528327
0.529585
0.530058
0.530128
0.530302
0.530728
0.531418
0.531606
0.53219
0.532052
0.530072
0.53283
0.531953
0.531442
0.530832
0.530191
0.529982
0.529154
0.528391
0.527764
0.527258
0.526991
0.526506
0.52744
0.528352
0.529376
0.529572
0.530633
0.531573
0.533233
0.534286
0.533922
0.535182
0.535805
0.536913
0.537778
0.538659
0.540074
0.540611
0.542606
0.54246
0.54322
0.543962
0.544478
0.544252
0.544816
0.545182
0.545035
0.54574
0.546029
0.547094
0.54718
0.54689
0.546141
0.544893
0.542876
0.542881
0.541477
0.539088
0.537941
0.536337
0.535169
0.533392
0.532933
0.532602
0.532542
0.531931
0.531059
0.530973
0.530878
0.530257
0.529471
0.528873
0.528757
0.529188
0.528479
0.531465
0.531397
0.531654
0.531828
0.532484
0.533101
0.53294
0.533562
0.534468
0.534077
0.534364
0.534238
0.534668
0.535166
0.534738
0.535104
0.535836
0.535224
0.535133
0.534468
0.534351
0.534223
0.5333
0.533432
0.532995
0.532657
0.531804
0.531472
0.531521
0.531695
0.531664
0.531875
0.532304
0.532002
0.531262
0.530883
0.530833
0.530299
0.530528
0.530559
0.5298
0.530799
0.53138
0.531647
0.531959
0.532136
0.534069
0.535075
0.535009
0.535919
0.535995
0.535984
0.535994
0.536116
0.536646
0.536046
0.536052
0.535329
0.534507
0.53381
0.533233
0.533267
0.532843
0.532846
0.532969
0.53245
0.532242
0.532035
0.532976
0.532863
0.532003
0.531154
0.531082
0.530489
0.5302
0.529761
0.529406
0.529539
0.530352
0.532255
0.53352
0.534542
0.535387
0.536054
0.536255
0.537363
0.538874
0.540743
0.541979
0.542572
0.543342
0.543661
0.545278
0.545747
0.545485
0.545557
0.545084
0.544723
0.544337
0.544101
0.544324
0.543889
0.543974
0.543835
0.5439
0.542765
0.541974
0.541806
0.541221
0.540503
0.540083
0.539718
0.538856
0.53778
0.536582
0.535492
0.534146
0.532715
0.531461
0.530495
0.52957
0.528731
0.526669
0.525105
0.523909
0.521756
0.520595
0.519367
0.518524
0.517641
0.516903
0.515888
0.514901
0.514009
0.51355
0.513303
0.513071
0.51315
0.513392
0.513912
0.513914
0.513699
0.51357
0.513735
0.513961
0.514837
0.514835
0.516097
0.515959
0.517363
0.518118
0.518593
0.518559
0.519153
0.520611
0.519626
0.522413
0.52342
0.524108
0.524659
0.525399
0.525065
0.524625
0.524521
0.524243
0.52378
0.522907
0.522991
0.522721
0.522683
0.521639
0.521055
0.521559
0.522503
0.522619
0.523423
0.524615
0.524677
0.525861
0.527725
0.529448
0.530827
0.532362
0.533343
0.53456
0.535815
0.535982
0.536983
0.536843
0.53652
0.537509
0.536736
0.535868
0.534278
0.532299
0.531289
0.530022
0.52916
0.527767
0.527661
0.527405
0.526302
0.525681
0.525114
0.524391
0.523047
0.522813
0.522901
0.523065
0.523136
0.52347
0.523392
0.523921
0.523369
0.523373
0.522657
0.522572
0.521686
0.520858
0.520161
0.520495
0.521065
0.520635
0.520216
0.519984
0.518972
0.51907
0.519032
0.518657
0.518603
0.519642
0.520969
0.522474
0.523747
0.525303
0.528282
0.529975
0.532528
0.53436
0.536278
0.537955
0.539485
0.540028
0.539651
0.540157
0.540612
0.541232
0.542713
0.542275
0.5433
0.543966
0.544386
0.545022
0.544986
0.545932
0.546246
0.546613
0.545913
0.545598
0.54465
0.544638
0.544935
0.54432
0.543255
0.542188
0.541335
0.540671
0.539072
0.537318
0.535102
0.532945
0.531035
0.529607
0.52868
0.527387
0.525978
0.525523
0.524895
0.524939
0.525329
0.525319
0.526343
0.526975
0.528021
0.528174
0.528533
0.529234
0.529797
0.530185
0.530816
0.53193
0.532781
0.535029
0.535508
0.535819
0.536924
0.537363
0.537726
0.538285
0.539611
0.539831
0.539813
0.54065
0.541192
0.541144
0.540361
0.539662
0.539004
0.538108
0.537685
0.536435
0.535812
0.535449
0.534216
0.533806
0.533232
0.532536
0.532212
0.531879
0.531392
0.530933
0.530482
0.530158
0.529595
0.529522
0.528647
0.528031
0.52838
0.527699
0.528197
0.52825
0.528058
0.528446
0.528485
0.529184
0.529959
0.529738
0.530493
0.531615
0.531623
0.532591
0.534057
0.534378
0.534624
0.536061
0.537548
0.538677
0.53905
0.540313
0.53965
0.53849
0.538508
0.537772
0.536828
0.536297
0.536406
0.535698
0.534555
0.533716
0.534155
0.534216
0.532927
0.533036
0.533105
0.532851
0.532159
0.53184
0.532227
0.532495
0.532578
0.531576
0.531929
0.532291
0.532145
0.531706
0.53198
0.532893
0.533555
0.53388
0.534397
0.534472
0.534697
0.535388
0.535877
0.536303
0.537371
0.538177
0.537357
0.536964
0.537495
0.536981
0.536993
0.536426
0.535339
0.534683
0.534134
0.533837
0.533129
0.53246
0.53122
0.530511
0.52911
0.527724
0.526213
0.523501
0.524764
0.52364
0.523205
0.523909
0.524613
0.524496
0.524302
0.523347
0.52374
0.523914
0.52436
0.525775
0.526035
0.527046
0.52734
0.527594
0.52857
0.529241
0.529506
0.529717
0.529226
0.529736
0.529425
0.529124
0.529342
0.527717
0.526922
0.526529
0.525645
0.524731
0.522962
0.522757
0.523668
0.522892
0.522277
0.522206
0.521935
0.523209
0.524004
0.524203
0.524592
0.524645
0.524741
0.524604
0.524839
0.524663
0.523607
0.523368
0.522866
0.522303
0.52222
0.522512
0.52235
0.522759
0.523125
0.523762
0.524016
0.525395
0.526055
0.526406
0.526857
0.526565
0.525327
0.524774
0.524839
0.52495
0.524731
0.525235
0.525033
0.525914
0.525966
0.526162
0.526005
0.52641
0.526704
0.528167
0.528579
0.529503
0.53016
0.531481
0.532663
0.532404
0.532658
0.533421
0.53514
0.535659
0.536849
0.536981
0.536127
0.535466
0.535296
0.535867
0.536066
0.535542
0.53541
0.534868
0.534142
0.534341
0.535352
0.53555
0.534651
0.534457
0.53398
0.533571
0.53421
0.534536
0.533281
0.532787
0.532942
0.532823
0.53294
0.533048
0.533099
0.533315
0.533047
0.533105
0.53382
0.533166
0.533899
0.533491
0.534118
0.534811
0.534404
0.534325
0.534073
0.534169
0.534519
0.534797
0.535149
0.535374
0.535405
0.536422
0.537012
0.53678
0.53782
0.538417
0.538697
0.539198
0.539717
0.540037
0.540373
0.54162
0.541914
0.542457
0.543483
0.543898
0.544489
0.545108
0.546879
0.54869
0.549585
0.549813
0.551548
0.55209
0.552948
0.554674
0.556065
0.556238
0.556722
0.555953
0.554852
0.554916
0.55555
0.553595
0.55355
0.552377
0.551076
0.548719
0.546179
0.542754
0.540135
0.537473
0.535029
0.532754
0.530269
0.528432
0.525949
0.524227
0.522859
0.522183
0.520615
0.519542
0.518034
0.517175
0.517056
0.51653
0.517042
0.517102
0.518131
0.518392
0.519581
0.521914
0.522422
0.52281
0.523938
0.524087
0.524364
0.525868
0.526933
0.527021
0.528434
0.529632
0.530069
0.530302
0.531173
0.531171
0.53144
0.531074
0.530783
0.53059
0.529754
0.52979
0.529173
0.52948
0.52978
0.529853
0.529814
0.531134
0.530544
0.529031
0.529387
0.528193
0.52826
0.527544
0.527177
0.526294
0.526547
0.525758
0.526489
0.526857
0.526874
0.527925
0.527237
0.526027
0.526592
0.527085
0.527049
0.527248
0.527658
0.527663
0.527246
0.52701
0.525984
0.525851
0.525437
0.524765
0.524889
0.524823
0.52455
0.52434
0.523723
0.523781
0.523509
0.523537
0.523916
0.523474
0.524308
0.524722
0.524494
0.524738
0.525348
0.525814
0.527642
0.528875
0.528831
0.530113
0.531377
0.532861
0.532995
0.533793
0.533939
0.535102
0.53538
0.535691
0.536302
0.537427
0.538092
0.53782
0.53888
0.540044
0.541768
0.542529
0.54323
0.543441
0.543934
0.544907
0.545707
0.546752
0.547797
0.54851
0.547009
0.545095
0.545163
0.545302
0.545083
0.543791
0.542587
0.541662
0.54121
0.541296
0.538378
0.538939
0.538046
0.536948
0.536522
0.534419
0.533135
0.532905
0.531616
0.530817
0.53029
0.529871
0.530045
0.529124
0.528792
0.529545
0.530041
0.530411
0.530399
0.531101
0.530135
0.528775
0.527997
0.527258
0.526757
0.526977
0.527672
0.528297
0.529117
0.5297
0.530463
0.530666
0.532285
0.532242
0.532775
0.534638
0.536082
0.537347
0.538301
0.540177
0.541498
0.541937
0.542601
0.543128
0.544269
0.544173
0.544212
0.544717
0.545033
0.545276
0.544965
0.544547
0.544104
0.543883
0.542119
0.539948
0.538823
0.537433
0.535733
0.534373
0.533859
0.532837
0.532718
0.533047
0.532766
0.532444
0.532031
0.53234
0.533202
0.534128
0.534524
0.534914
0.53458
0.536123
0.537062
0.537436
0.538392
0.538174
0.538462
0.539475
0.538652
0.538436
0.539235
0.539646
0.53946
0.539189
0.539906
0.539458
0.539595
0.539742
0.540826
0.540707
0.539184
0.538748
0.538123
0.53715
0.535149
0.535098
0.534668
0.53447
0.534317
0.534221
0.533622
0.533363
0.533047
0.532918
0.53257
0.5332
0.534484
0.535073
0.536183
0.537257
0.537776
0.538139
0.539314
0.540186
0.540435
0.540501
0.540649
0.540521
0.539524
0.539115
0.539151
0.538632
0.538415
0.538387
0.539182
0.538058
0.5371
0.537564
0.537406
0.538206
0.539109
0.539801
0.539125
0.539759
0.539934
0.539461
0.538263
0.536485
0.535079
0.533688
0.531519
0.530464
0.52996
0.528449
0.527047
0.52609
0.525286
0.524076
0.523449
0.523109
0.523391
0.523539
0.52341
0.523899
0.52365
0.523696
0.525422
0.525735
0.526491
0.524122
0.527996
0.528034
0.529948
0.53101
0.53303
0.535357
0.537076
0.537684
0.538225
0.538466
0.539803
0.540439
0.54181
0.541936
0.541538
0.540942
0.540728
0.539495
0.539565
0.539079
0.538288
0.536489
0.536346
0.535939
0.535165
0.534122
0.533951
0.533032
0.53251
0.532187
0.531517
0.531494
0.53066
0.530925
0.531594
0.531983
0.532033
0.531847
0.530999
0.530538
0.529811
0.530651
0.530387
0.531044
0.531748
0.531057
0.531792
0.531657
0.53184
0.530939
0.530631
0.528865
0.526908
0.525084
0.523257
0.522229
0.521943
0.520926
0.519702
0.518146
0.517781
0.51762
0.516516
0.516512
0.516542
0.516622
0.517544
0.517686
0.517878
0.518329
0.519829
0.520227
0.521184
0.522041
0.522055
0.522059
0.522886
0.522739
0.522939
0.522805
0.522967
0.523104
0.52371
0.52347
0.524522
0.526262
0.52744
0.529202
0.529857
0.530848
0.532422
0.533283
0.534093
0.535241
0.536599
0.537715
0.539199
0.540051
0.541105
0.541607
0.541924
0.542209
0.542147
0.54266
0.542111
0.541548
0.540864
0.539855
0.538415
0.536737
0.535942
0.53441
0.53286
0.532836
0.532194
0.531475
0.530439
0.529773
0.528965
0.529139
0.529298
0.528108
0.52682
0.5258
0.525683
0.525719
0.524921
0.524134
0.524286
0.524485
0.524704
0.523944
0.523763
0.523076
0.522892
0.523406
0.523144
0.523688
0.523387
0.523428
0.523743
0.523358
0.523208
0.52442
0.524793
0.523073
0.522067
0.521657
0.520482
0.519615
0.518739
0.518489
0.517924
0.516228
0.515822
0.514748
0.514349
0.514203
0.514182
0.514933
0.515191
0.516055
0.516517
0.517154
0.517277
0.517744
0.519749
0.521695
0.522714
0.523546
0.524308
0.52539
0.525893
0.526534
0.526429
0.527122
0.52772
0.528196
0.529408
0.530222
0.532062
0.532245
0.532083
0.532767
0.532749
0.533583
0.533316
0.534237
0.534792
0.53443
0.533841
0.533816
0.53366
0.533529
0.533181
0.534081
0.534728
0.534986
0.53594
0.537296
0.537841
0.538727
0.538542
0.538983
0.539233
0.540186
0.540615
0.540401
0.540675
0.540396
0.541521
0.542042
0.541533
0.540941
0.54096
0.540562
0.540173
0.539188
0.538393
0.538347
0.537493
0.536365
0.536511
0.536422
0.535977
0.535135
0.534442
0.534986
0.534688
0.534043
0.534807
0.534747
0.533826
0.532881
0.532537
0.531103
0.530085
0.530045
0.529109
0.529068
0.528599
0.52923
0.529723
0.529235
0.528992
0.528638
0.527803
0.526496
0.525159
0.523274
0.522454
0.52155
0.52065
0.519995
0.51881
0.518151
0.51793
0.517666
0.517026
0.516611
0.51653
0.51737
0.517216
0.516555
0.517177
0.517831
0.517868
0.517588
0.517992
0.518317
0.518162
0.518072
0.518379
0.517481
0.51803
0.517107
0.517042
0.517114
0.517224
0.518325
0.518928
0.51875
0.519387
0.520492
0.521097
0.521856
0.523242
0.524067
0.523997
0.52483
0.525934
0.526965
0.528256
0.529845
0.531279
0.532476
0.533685
0.533049
0.533708
0.533428
0.533717
0.533374
0.533542
0.533237
0.533714
0.533001
0.532069
0.531105
0.531174
0.53039
0.530678
0.530192
0.530278
0.530408
0.529939
0.530759
0.532133
0.533542
0.534622
0.536064
0.53622
0.535709
0.534879
0.534491
0.534206
0.533544
0.53277
0.531635
0.529721
0.527974
0.526825
0.52624
0.524598
0.523651
0.523264
0.523307
0.523373
0.522998
0.522293
0.521857
0.522068
0.522333
0.522341
0.523045
0.524056
0.525226
0.526868
0.528535
0.530373
0.531723
0.532983
0.535184
0.536867
0.539196
0.541072
0.542705
0.544184
0.545486
0.546332
0.547298
0.547999
0.54747
0.546773
0.546098
0.54639
0.546078
0.54656
0.546362
0.546512
0.545959
0.543904
0.543229
0.542997
0.54206
0.542379
0.541753
0.540931
0.540518
0.540601
0.540995
0.54123
0.540852
0.539838
0.538696
0.537852
0.538083
0.537385
0.537818
0.537528
0.537013
0.537541
0.537397
0.537422
0.538909
0.540322
0.541292
0.540708
0.541507
0.541734
0.541193
0.540785
0.540729
0.539045
0.537214
0.536488
0.534937
0.533965
0.533
0.530937
0.529889
0.528861
0.527495
0.526682
0.525646
0.524771
0.523988
0.523142
0.52342
0.523775
0.523534
0.523163
0.523913
0.524305
0.5243
0.525226
0.525963
0.526914
0.527848
0.528364
0.528679
0.528609
0.528486
0.527982
0.528243
0.52865
0.528671
0.528887
0.528686
0.528653
0.527523
0.526799
0.527919
0.528131
0.527968
0.528341
0.528524
0.529117
0.528907
0.529991
0.531101
0.532262
0.533111
0.534063
0.534124
0.534366
0.535619
0.53637
0.536815
0.537332
0.538109
0.538751
0.539243
0.539789
0.540032
0.541155
0.54382
0.544168
0.544557
0.545688
0.545333
0.543871
0.545264
0.546511
0.546435
0.54689
0.548919
0.550179
0.550234
0.551012
0.551131
0.55023
0.550434
0.550989
0.551144
0.5515
0.552176
0.551857
0.552088
0.551876
0.551121
0.550365
0.54963
0.54827
0.548157
0.546447
0.544103
0.541221
0.538085
0.536801
0.534875
0.531948
0.529522
0.528301
0.526457
0.524243
0.52199
0.520041
0.519127
0.518547
0.517641
0.517875
0.518164
0.517597
0.517794
0.51877
0.519768
0.521364
0.523956
0.526637
0.528819
0.530798
0.532558
0.535554
0.53815
0.538687
0.540064
0.540501
0.540839
0.541674
0.541009
0.538949
0.537512
0.535455
0.532995
0.530383
0.528532
0.526752
0.524114
0.522583
0.521347
0.520023
0.518254
0.517334
0.516728
0.516133
0.515262
0.515764
0.515443
0.514702
0.514226
0.513697
0.5139
0.514479
0.514967
0.515835
0.515435
0.515503
0.516154
0.516488
0.51738
0.518769
0.519788
0.521676
0.524269
0.524698
0.526476
0.527817
0.53067
0.531524
0.532542
0.53479
0.535883
0.537405
0.538953
0.53966
0.539533
0.539563
0.539383
0.537997
0.536425
0.535346
0.533547
0.532231
0.531001
0.530063
0.528687
0.526852
0.524535
0.522716
0.520618
0.518522
0.516995
0.51591
0.514825
0.514034
0.513361
0.512742
0.513055
0.513302
0.512911
0.513177
0.513424
0.51404
0.513499
0.514519
0.515203
0.516782
0.518115
0.519386
0.520399
0.522633
0.524975
0.524667
0.525971
0.526846
0.527132
0.527302
0.526178
0.525525
0.525757
0.524286
0.523511
0.523724
0.523371
0.522505
0.522333
0.521918
0.522266
0.521775
0.521282
0.52065
0.520086
0.520057
0.519907
0.51988
0.520162
0.520104
0.520408
0.520373
0.519834
0.520102
0.520204
0.520202
0.519895
0.519177
0.518323
0.517411
0.515667
0.51561
0.515902
0.515573
0.516363
0.516979
0.517514
0.518768
0.520849
0.522607
0.524431
0.526048
0.527767
0.529555
0.530229
0.532735
0.533412
0.535355
0.53639
0.537697
0.538634
0.539425
0.53961
0.540257
0.540632
0.540572
0.540557
0.54082
0.542024
0.543675
0.54505
0.546155
0.547261
0.547931
0.547996
0.548302
0.548688
0.547917
0.546883
0.546098
0.545878
0.544794
0.543922
0.543824
0.543553
0.543486
0.544136
0.544712
0.545162
0.545615
0.54635
0.546917
0.548006
0.548026
0.550138
0.552232
0.553803
0.555888
0.557934
0.558654
0.560184
0.560608
0.561943
0.561171
0.560902
0.561163
0.561046
0.56059
0.560177
0.559569
0.559859
0.558813
0.557301
0.555586
0.554239
0.552552
0.550371
0.549035
0.54667
0.544839
0.543165
0.541895
0.540847
0.539623
0.538355
0.537088
0.536847
0.536166
0.53579
0.535345
0.534306
0.53505
0.533889
0.533014
0.532554
0.531619
0.531682
0.531455
0.530483
0.53056
0.531474
0.531518
0.531683
0.531051
0.52974
0.529166
0.52842
0.527405
0.526801
0.525898
0.52514
0.524609
0.524893
0.524159
0.523682
0.523526
0.522439
0.523634
0.523463
0.523362
0.523563
0.523804
0.523814
0.523573
0.52354
0.523828
0.524305
0.524619
0.525655
0.526313
0.527089
0.528663
0.529788
0.531254
0.532159
0.532756
0.533126
0.5335
0.532984
0.533823
0.533066
0.533494
0.533673
0.533098
0.532956
0.532042
0.531885
0.531465
0.530673
0.529526
0.528659
0.528536
0.528908
0.528562
0.528111
0.527588
0.526606
0.526441
0.525714
0.52551
0.525713
0.525655
0.525704
0.525825
0.525239
0.525297
0.525556
0.526881
0.527516
0.527879
0.528437
0.528274
0.529326
0.528981
0.528549
0.528059
0.528572
0.52944
0.529505
0.529789
0.530767
0.531928
0.532704
0.533805
0.534199
0.535982
0.536356
0.535951
0.534616
0.533289
0.533011
0.531481
0.529731
0.528543
0.52803
0.52729
0.526547
0.526188
0.525777
0.525129
0.524364
0.523786
0.522907
0.522368
0.521406
0.52193
0.521885
0.52129
0.521973
0.521772
0.521649
0.522646
0.523121
0.524355
0.525301
0.525908
0.527862
0.528786
0.52973
0.530301
0.530288
0.529641
0.530278
0.530544
0.529761
0.529761
0.529783
0.530206
0.530441
0.53061
0.531343
0.531749
0.531801
0.532192
0.531571
0.531
0.53058
0.530304
0.530052
0.529279
0.528208
0.527473
0.527615
0.526999
0.526874
0.526925
0.527077
0.528105
0.52822
0.530337
0.530622
0.531324
0.532144
0.533147
0.533168
0.533663
0.534813
0.535457
0.535005
0.535933
0.536053
0.535452
0.536132
0.536444
0.537617
0.538192
0.538987
0.539654
0.539862
0.540518
0.540496
0.541225
0.54129
0.540525
0.540556
0.540401
0.539767
0.539508
0.539301
0.53853
0.537924
0.537388
0.53723
0.536692
0.536085
0.534895
0.534786
0.533873
0.533443
0.533112
0.532386
0.531999
0.532152
0.531704
0.531456
0.531231
0.531478
0.531799
0.531859
0.53151
0.530608
0.531085
0.530103
0.529533
0.527046
0.525727
0.525014
0.523789
0.522916
0.5221
0.521655
0.519576
0.519497
0.519717
0.519993
0.518218
0.518225
0.517766
0.519274
0.519449
0.51832
0.518724
0.518411
0.51876
0.518186
0.517741
0.517392
0.516872
0.515822
0.515941
0.514894
0.514059
0.513556
0.512604
0.512833
0.512499
0.512871
0.512615
0.51282
0.513149
0.513922
0.513994
0.513895
0.51506
0.516163
0.517463
0.51895
0.520074
0.52085
0.523666
0.525835
0.52879
0.531579
0.533643
0.534887
0.53677
0.539138
0.541092
0.541975
0.543414
0.544698
0.545784
0.548644
0.549507
0.549332
0.55051
0.551662
0.552526
0.553361
0.553112
0.553935
0.553385
0.552303
0.551248
0.55181
0.552793
0.552836
0.553392
0.554679
0.555196
0.555688
0.556482
0.556128
0.555503
0.555525
0.555496
0.554296
0.553626
0.553735
0.553173
0.552548
0.552199
0.551602
0.551744
0.552051
0.550889
0.550615
0.550703
0.549568
0.548585
0.547622
0.546399
0.544901
0.542981
0.542078
0.541209
0.539909
0.538574
0.536393
0.535492
0.53308
0.531134
0.529556
0.527678
0.526492
0.525723
0.524862
0.52384
0.523198
0.523093
0.522442
0.521912
0.521298
0.521755
0.521745
0.52201
0.521878
0.52218
0.521772
0.521287
0.520901
0.520852
0.520073
0.520477
0.521461
0.521947
0.523255
0.524211
0.524696
0.525484
0.526226
0.526111
0.526825
0.527996
0.528134
0.528624
0.529734
0.531195
0.532415
0.532968
0.532318
0.531834
0.531719
0.531329
0.53209
0.532523
0.532901
0.53324
0.533443
0.533457
0.534082
0.533239
0.532065
0.53071
0.529698
0.528845
0.527534
0.526497
0.525266
0.523505
0.522715
0.522244
0.521894
0.521242
0.520821
0.521245
0.521906
0.520916
0.520595
0.521464
0.522303
0.523251
0.523296
0.5233
0.523895
0.524025
0.525144
0.52541
0.525693
0.526586
0.527173
0.528646
0.529722
0.529782
0.53065
0.531573
0.53246
0.532479
0.532175
0.532751
0.532425
0.531327
0.530435
0.529394
0.528491
0.526923
0.527612
0.527075
0.525949
0.526158
0.526296
0.526702
0.526959
0.527574
0.527999
0.528708
0.529461
0.529884
0.531101
0.532481
0.531861
0.532465
0.531106
0.531707
0.530983
0.53
0.529403
0.529127
0.528831
0.528253
0.527549
0.527644
0.528097
0.528892
0.529931
0.530067
0.530489
0.532387
0.533699
0.534856
0.537325
0.539578
0.541832
0.542862
0.544463
0.545783
0.547231
0.547837
0.548445
0.548615
0.547646
0.547244
0.546325
0.545671
0.545155
0.544825
0.54302
0.541639
0.539407
0.537369
0.535322
0.533683
0.532952
0.532365
0.531364
0.530304
0.528649
0.527231
0.526044
0.525665
0.525043
0.524304
0.524575
0.525032
0.525561
0.526448
0.526882
0.528444
0.529861
0.53096
0.530755
0.529768
0.529308
0.528956
0.528593
0.528655
0.528223
0.528591
0.529204
0.530134
0.530958
0.53179
0.533206
0.534988
0.536564
0.537714
0.539788
0.541162
0.542635
0.543926
0.543913
0.544984
0.54655
0.546763
0.547434
0.547623
0.547498
0.546822
0.546612
0.544839
0.543085
0.541224
0.539094
0.537548
0.535969
0.534828
0.533338
0.531233
0.530411
0.529779
0.530039
0.530145
0.529905
0.52887
0.529813
0.530124
0.531393
0.532167
0.532946
0.533456
0.534582
0.535316
0.53494
0.534619
0.533784
0.533306
0.533233
0.533236
0.534125
0.535188
0.535995
0.536946
0.538114
0.540008
0.540554
0.54092
0.540251
0.541623
0.541941
0.541835
0.54237
0.542898
0.54364
0.544605
0.545037
0.545302
0.544687
0.544864
0.543865
0.543114
0.541976
0.540973
0.539352
0.538343
0.538406
0.538124
0.537973
0.537915
0.537468
0.537798
0.537757
0.537202
0.537197
0.537332
0.536575
0.535818
0.534678
0.534334
0.533859
0.532695
0.532913
0.532605
0.53196
0.532126
0.531571
0.531182
0.530633
0.531418
0.531142
0.532052
0.532338
0.531823
0.5314
0.530465
0.530665
0.530892
0.530195
0.531151
0.531393
0.530465
0.530395
0.529376
0.527631
0.526941
0.526065
0.524447
0.522999
0.522083
0.521744
0.52204
0.522261
0.522101
0.52152
0.520743
0.52
0.519675
0.519776
0.520001
0.51978
0.519267
0.518165
0.518304
0.518397
0.519477
0.519595
0.520381
0.520553
0.52124
0.521213
0.521558
0.521281
0.521166
0.520859
0.519756
0.520267
0.520511
0.521647
0.522044
0.522287
0.522186
0.522351
0.523434
0.524344
0.525457
0.526007
0.525766
0.525382
0.524657
0.524813
0.526219
0.525984
0.527168
0.52882
0.530838
0.531115
0.530666
0.529881
0.531162
0.53124
0.532463
0.532821
0.532889
0.534011
0.533685
0.532818
0.533321
0.533668
0.532823
0.532359
0.532624
0.532461
0.531954
0.531668
0.530553
0.530025
0.530055
0.529875
0.531021
0.530653
0.530084
0.529876
0.529965
0.530746
0.531202
0.531079
0.531975
0.533263
0.534791
0.534996
0.535613
0.535597
0.536239
0.535931
0.535805
0.535314
0.536418
0.53707
0.537776
0.537788
0.537789
0.53835
0.538931
0.539798
0.540383
0.54117
0.54146
0.541762
0.541535
0.54132
0.540993
0.540695
0.540388
0.539956
0.538923
0.539096
0.539034
0.537714
0.538563
0.538291
0.538364
0.538653
0.538557
0.538547
0.538642
0.538464
0.537884
0.538065
0.538266
0.536649
0.535391
0.535883
0.535571
0.535357
0.534632
0.534559
0.53352
0.53327
0.532084
0.53103
0.530412
0.529374
0.528395
0.528263
0.527819
0.527005
0.527026
0.526064
0.524531
0.524179
0.524648
0.524527
0.52394
0.523389
0.52311
0.523234
0.523454
0.524545
0.525687
0.528094
0.529705
0.530873
0.531449
0.533063
0.534159
0.535814
0.537542
0.539027
0.540613
0.542468
0.54485
0.546759
0.54862
0.549347
0.549981
0.550716
0.551283
0.550936
0.551783
0.553014
0.553975
0.55628
0.558337
0.557557
0.558117
0.558368
0.557899
0.557508
0.556394
0.555996
0.553965
0.551112
0.548883
0.546607
0.544512
0.543622
0.542624
0.54187
0.541291
0.540498
0.539797
0.540378
0.540138
0.539441
0.5392
0.539905
0.540753
0.542127
0.542781
0.542337
0.541355
0.540438
0.53977
0.540082
0.54008
0.539993
0.539019
0.539592
0.539929
0.539266
0.538537
0.538418
0.538788
0.538333
0.537421
0.536956
0.535652
0.533603
0.533139
0.532031
0.531688
0.530835
0.531079
0.53128
0.531588
0.531517
0.532151
0.532173
0.531467
0.53237
0.532214
0.531291
0.530755
0.530241
0.529106
0.527963
0.527788
0.527347
0.526464
0.526643
0.526773
0.525979
0.527042
0.52736
0.525874
0.52722
0.529369
0.530064
0.530869
0.530982
0.530862
0.530104
0.529744
0.529219
0.529423
0.529896
0.530057
0.530006
0.531769
0.531746
0.530677
0.531231
0.530416
0.529764
0.530311
0.530636
0.530764
0.531953
0.532945
0.533706
0.534394
0.534414
0.534421
0.532835
0.533023
0.532941
0.531957
0.531091
0.531176
0.530445
0.529634
0.531199
0.531613
0.531927
0.53287
0.533216
0.533654
0.533848
0.534514
0.535739
0.535668
0.535632
0.535216
0.534866
0.535195
0.535163
0.535157
0.534791
0.534463
0.533194
0.532642
0.530749
0.529735
0.526586
0.524226
0.522137
0.520326
0.519949
0.520037
0.51864
0.517215
0.516322
0.516678
0.516441
0.515755
0.516745
0.517117
0.517344
0.517665
0.518931
0.520891
0.522548
0.52471
0.526158
0.52777
0.529781
0.532156
0.532582
0.534447
0.535884
0.536298
0.537446
0.539058
0.539963
0.541094
0.542312
0.54341
0.543394
0.544079
0.54472
0.545145
0.544705
0.544625
0.544459
0.543709
0.543525
0.542951
0.542815
0.542828
0.541832
0.539448
0.539487
0.539023
0.537995
0.537484
0.535358
0.534721
0.533235
0.533499
0.534342
0.533363
0.531573
0.529541
0.528406
0.525862
0.52456
0.522924
0.521303
0.519723
0.518509
0.516872
0.515778
0.515646
0.515345
0.515101
0.514719
0.514932
0.515426
0.51514
0.515038
0.513551
0.513493
0.514158
0.515248
0.516918
0.518053
0.520011
0.521456
0.522115
0.524021
0.525114
0.526086
0.527778
0.529588
0.531744
0.532965
0.535409
0.537469
0.53841
0.537996
0.538089
0.538102
0.538452
0.537901
0.537247
0.536566
0.536566
0.537623
0.538891
0.53923
0.538712
0.537823
0.537364
0.536779
0.535364
0.534566
0.533882
0.533128
0.532495
0.531967
0.530559
0.529941
0.529484
0.528983
0.527596
0.527688
0.527524
0.528446
0.528914
0.52979
0.529993
0.530274
0.529969
0.529562
0.529023
0.528561
0.526832
0.526825
0.526636
0.526141
0.525386
0.525464
0.525298
0.52586
0.526499
0.526577
0.527087
0.527926
0.528673
0.53003
0.53118
0.53156
0.530633
0.531698
0.53117
0.530826
0.530438
0.530318
0.529145
0.52839
0.527515
0.526779
0.52691
0.52653
0.525701
0.524751
0.524059
0.524634
0.525002
0.525226
0.526989
0.528568
0.529966
0.530564
0.530815
0.532193
0.532923
0.533054
0.535081
0.536327
0.53684
0.537819
0.539614
0.539691
0.539108
0.539743
0.540247
0.541127
0.541921
0.54233
0.541442
0.542737
0.543913
0.544502
0.544629
0.544092
0.543584
0.543572
0.543036
0.542969
0.541998
0.541567
0.541437
0.53955
0.538729
0.538256
0.537937
0.538246
0.539286
0.539964
0.540288
0.540881
0.541793
0.5428
0.54343
0.544984
0.546644
0.549588
0.553334
0.557876
0.560586
0.562063
0.563172
0.562634
0.562188
0.561399
0.560734
0.559225
0.557219
0.555514
0.55463
0.553295
0.551345
0.549346
0.54636
0.54468
0.542485
0.540059
0.538789
0.537103
0.535437
0.534366
0.53332
0.533757
0.533972
0.53298
0.532227
0.532352
0.531771
0.532059
0.5323
0.533138
0.533939
0.535458
0.53655
0.536563
0.536326
0.53635
0.53674
0.536741
0.537107
0.537354
0.538108
0.539024
0.540185
0.540327
0.539903
0.539083
0.538229
0.537291
0.536075
0.534843
0.533612
0.531506
0.529072
0.527587
0.526477
0.525074
0.524005
0.52336
0.522181
0.521434
0.520036
0.518558
0.517209
0.516409
0.515353
0.51292
0.511455
0.510027
0.507849
0.507053
0.505783
0.504513
0.504071
0.503731
0.50314
0.503754
0.503408
0.503655
0.504755
0.505997
0.506532
0.506309
0.506155
0.506592
0.507728
0.507904
0.508962
0.510157
0.5102
0.511792
0.512946
0.514
0.515928
0.517918
0.518754
0.520021
0.521562
0.523023
0.525151
0.526529
0.527085
0.529769
0.530498
0.531108
0.532001
0.532867
0.533362
0.533816
0.534262
0.535722
0.536579
0.536209
0.537596
0.538266
0.537992
0.540287
0.541566
0.541922
0.542711
0.543701
0.543106
0.54223
0.542463
0.541561
0.541211
0.539247
0.539761
0.539775
0.538778
0.538308
0.537948
0.537015
0.536529
0.536001
0.535787
0.536746
0.536816
0.53645
0.535669
0.534455
0.533834
0.533798
0.534182
0.533732
0.533937
0.534054
0.533298
0.533615
0.533464
0.533382
0.533911
0.534084
0.535492
0.535741
0.536001
0.537646
0.539227
0.540049
0.541503
0.542901
0.545825
0.548083
0.548254
0.54832
0.548902
0.548642
0.547943
0.547049
0.545583
0.543319
0.542204
0.540206
0.538964
0.537375
0.53604
0.533412
0.531509
0.529929
0.528107
0.52715
0.525543
0.524331
0.522551
0.522253
0.521586
0.521298
0.521042
0.520495
0.519582
0.518567
0.517766
0.517277
0.516545
0.516103
0.515511
0.515395
0.51328
0.51157
0.511016
0.511313
0.510093
0.510056
0.510822
0.511345
0.512386
0.51369
0.514174
0.514807
0.515382
0.516862
0.518644
0.519443
0.520503
0.522461
0.524669
0.52559
0.526022
0.527354
0.529287
0.530629
0.533461
0.534495
0.535833
0.538161
0.539779
0.540795
0.541906
0.542422
0.541043
0.541971
0.54265
0.543191
0.543738
0.544531
0.544885
0.543722
0.543666
0.542006
0.540775
0.539751
0.541354
0.541567
0.541531
0.541433
0.542837
0.542874
0.541489
0.540826
0.539606
0.537874
0.536839
0.536338
0.535319
0.53381
0.533089
0.531191
0.529246
0.527637
0.527407
0.52634
0.52575
0.525421
0.52528
0.525384
0.525491
0.527189
0.527608
0.530666
0.532548
0.533865
0.535209
0.535351
0.535417
0.535195
0.535592
0.535333
0.53394
0.534759
0.534948
0.534056
0.533605
0.534436
0.534924
0.534721
0.533386
0.533527
0.533223
0.532362
0.532122
0.530837
0.531605
0.531619
0.531131
0.531342
0.530788
0.531169
0.530726
0.530513
0.531756
0.53092
0.531022
0.530929
0.529525
0.5281
0.526501
0.525943
0.526096
0.526038
0.526375
0.524954
0.522798
0.523071
0.522682
0.521564
0.521504
0.522131
0.521359
0.520758
0.521206
0.520877
0.521696
0.522168
0.523216
0.524085
0.525211
0.526162
0.527448
0.529111
0.530795
0.531707
0.532475
0.532463
0.533202
0.532993
0.532425
0.531854
0.532526
0.532373
0.532493
0.532113
0.533698
0.534574
0.535548
0.536631
0.53749
0.537902
0.537973
0.539317
0.539887
0.539764
0.540827
0.543113
0.544074
0.544256
0.54547
0.54586
0.54596
0.546538
0.546589
0.547435
0.547566
0.54615
0.544856
0.54282
0.542057
0.54114
0.540968
0.539962
0.539006
0.540183
0.53886
0.535823
0.53454
0.532944
0.531933
0.531451
0.531128
0.530138
0.531209
0.532043
0.532098
0.53152
0.531547
0.532863
0.532819
0.53209
0.531132
0.532082
0.531508
0.530007
0.528455
0.528736
0.52844
0.528092
0.528507
0.528779
0.528776
0.529789
0.53083
0.531356
0.532312
0.534059
0.536512
0.537614
0.53949
0.541461
0.543842
0.544643
0.544885
0.54704
0.550592
0.551129
0.551586
0.551604
0.552933
0.553798
0.55407
0.553764
0.554022
0.553668
0.553479
0.553202
0.5526
0.551988
0.552325
0.551502
0.55061
0.550542
0.549491
0.549128
0.548303
0.547767
0.548623
0.547044
0.54647
0.546193
0.546574
0.546796
0.546505
0.546217
0.54508
0.544419
0.54346
0.542483
0.542382
0.540947
0.540118
0.540231
0.539973
0.538203
0.536548
0.536781
0.536096
0.535697
0.535802
0.535241
0.533838
0.53244
0.531757
0.530212
0.530311
0.529718
0.529301
0.529037
0.528603
0.52771
0.528007
0.52901
0.530015
0.531923
0.532948
0.534649
0.53646
0.536987
0.538799
0.539486
0.539152
0.539902
0.540413
0.541209
0.540926
0.541128
0.540999
0.541155
0.542049
0.541931
0.540959
0.540372
0.539808
0.539731
0.539907
0.539134
0.539774
0.539702
0.539965
0.539545
0.538716
0.538262
0.537895
0.53762
0.538033
0.538271
0.539639
0.540142
0.539993
0.541391
0.540837
0.541522
0.542029
0.542366
0.541242
0.541672
0.53844
0.541741
0.542356
0.54352
0.544412
0.545006
0.546197
0.546673
0.546565
0.547259
0.547569
0.547539
0.54702
0.546549
0.547021
0.547563
0.546886
0.545935
0.544463
0.54308
0.541457
0.53936
0.537364
0.536122
0.533835
0.533257
0.533135
0.531708
0.53084
0.530663
0.530815
0.530706
0.529845
0.53041
0.530106
0.530917
0.531172
0.531521
0.531355
0.532161
0.531481
0.53154
0.531314
0.531314
0.530992
0.530369
0.530745
0.53045
0.530201
0.530293
0.530597
0.531313
0.532206
0.532086
0.53124
0.531362
0.531076
0.53062
0.531557
0.532052
0.531869
0.532252
0.533327
0.533022
0.532581
0.532222
0.531459
0.531749
0.531206
0.53228
0.532594
0.533082
0.53331
0.533018
0.53141
0.530555
0.529835
0.528848
0.527673
0.526476
0.525698
0.525084
0.524097
0.523769
0.522928
0.523282
0.524124
0.523503
0.523228
0.523806
0.524525
0.525846
0.525998
0.526159
0.524816
0.523628
0.524167
0.523954
0.523441
0.521936
0.520185
0.520362
0.520433
0.520733
0.519905
0.520308
0.520711
0.520178
0.519834
0.519795
0.520773
0.521284
0.520908
0.520504
0.52077
0.520435
0.519043
0.519462
0.519363
0.519362
0.520918
0.521815
0.521593
0.521059
0.520863
0.520782
0.521494
0.521814
0.522646
0.524354
0.524485
0.525335
0.525409
0.524499
0.523595
0.522621
0.521412
0.521279
0.520217
0.519442
0.518811
0.517771
0.517928
0.518311
0.517881
0.518243
0.519034
0.518881
0.518678
0.518402
0.51849
0.518567
0.518293
0.519678
0.5214
0.522474
0.523003
0.522868
0.52335
0.52378
0.524796
0.525878
0.527287
0.528809
0.530599
0.532296
0.532899
0.533728
0.534506
0.534658
0.53458
0.533044
0.534019
0.534985
0.535042
0.534811
0.534538
0.534182
0.533747
0.532935
0.53192
0.53111
0.530465
0.530977
0.531031
0.530567
0.530361
0.530762
0.530864
0.529724
0.52904
0.527272
0.526115
0.526138
0.525108
0.523594
0.52198
0.521304
0.520451
0.520541
0.522109
0.523453
0.524337
0.524962
0.525397
0.523897
0.524942
0.525911
0.526055
0.525753
0.526269
0.526564
0.526564
0.525949
0.526275
0.52636
0.525786
0.525223
0.526532
0.526539
0.526245
0.526735
0.527219
0.527663
0.527919
0.527905
0.528554
0.52807
0.528081
0.527864
0.528686
0.528755
0.529223
0.528985
0.529483
0.528556
0.528099
0.527571
0.526818
0.525413
0.524957
0.524658
0.524749
0.52395
0.524624
0.52489
0.52456
0.524365
0.52479
0.524303
0.525265
0.526198
0.526119
0.525748
0.525725
0.524809
0.524987
0.525463
0.524647
0.524997
0.524647
0.525739
0.526617
0.526887
0.528219
0.529582
0.53043
0.532289
0.53377
0.534039
0.53471
0.534898
0.53497
0.535528
0.536359
0.536782
0.537493
0.538036
0.538132
0.538267
0.537409
0.536668
0.535806
0.533851
0.532108
0.531527
0.530247
0.530018
0.530321
0.530324
0.530627
0.531069
0.531532
0.532382
0.534202
0.534277
0.534893
0.536926
0.538064
0.53901
0.540302
0.540904
0.540494
0.54128
0.541781
0.542902
0.543849
0.544034
0.544352
0.545682
0.547053
0.547852
0.548616
0.549308
0.551572
0.551785
0.551565
0.553662
0.555349
0.555108
0.555873
0.556126
0.556241
0.555456
0.554924
0.554544
0.55292
0.552314
0.551478
0.550942
0.551601
0.551529
0.551339
0.550758
0.549547
0.549986
0.548303
0.547488
0.546574
0.544555
0.542588
0.540929
0.538674
0.536376
0.534425
0.53228
0.530606
0.528743
0.526701
0.526179
0.526413
0.525206
0.52391
0.523473
0.523205
0.523626
0.524001
0.524328
0.524851
0.525341
0.525187
0.524316
0.524079
0.524034
0.524814
0.524555
0.524471
0.525189
0.524219
0.523245
0.523166
0.522424
0.522149
0.521903
0.522955
0.523857
0.524437
0.523288
0.524912
0.526423
0.527227
0.527476
0.527077
0.527256
0.527622
0.527214
0.526005
0.525635
0.526046
0.526677
0.526448
0.525706
0.525657
0.525372
0.52424
0.524119
0.523755
0.523088
0.522428
0.523436
0.525505
0.52642
0.527544
0.528638
0.529824
0.530829
0.531932
0.531868
0.532134
0.531924
0.531486
0.530235
0.530892
0.531648
0.531382
0.531972
0.532717
0.533061
0.533235
0.533632
0.533472
0.534261
0.534414
0.535428
0.536511
0.538227
0.539633
0.541437
0.542459
0.543474
0.543814
0.544926
0.545841
0.546362
0.546527
0.54638
0.546354
0.54604
0.546317
0.54719
0.547825
0.548243
0.547363
0.546925
0.546902
0.545335
0.545385
0.542329
0.54292
0.54216
0.540082
0.54021
0.539838
0.539011
0.538368
0.537687
0.537104
0.537457
0.537351
0.537381
0.536526
0.535855
0.535796
0.534333
0.534836
0.53406
0.533449
0.533856
0.533983
0.533133
0.53136
0.530133
0.529731
0.528545
0.527486
0.527152
0.527346
0.527176
0.527538
0.528271
0.528576
0.529659
0.530883
0.531913
0.532837
0.532941
0.534738
0.536244
0.537212
0.537844
0.539381
0.539819
0.539919
0.539991
0.539147
0.539512
0.539592
0.537996
0.536778
0.536552
0.536175
0.534965
0.534464
0.534907
0.535962
0.536497
0.536318
0.536559
0.537086
0.536307
0.536847
0.53646
0.536266
0.535132
0.53436
0.535445
0.535979
0.535789
0.534398
0.533885
0.532734
0.532349
0.532098
0.532154
0.532497
0.532123
0.531306
0.531208
0.53219
0.533278
0.534842
0.535331
0.536519
0.537678
0.538751
0.537699
0.537403
0.537787
0.537865
0.537221
0.538355
0.538558
0.538109
0.537978
0.536612
0.536624
0.536037
0.535437
0.53552
0.535289
0.535853
0.535816
0.535405
0.535963
0.535978
0.536014
0.535678
0.535259
0.534489
0.53377
0.532973
0.531784
0.530578
0.529223
0.528944
0.528851
0.529197
0.529433
0.529978
0.531875
0.532551
0.533856
0.534725
0.53621
0.535931
0.535948
0.537069
0.538257
0.538837
0.538236
0.539763
0.538742
0.537908
0.537554
0.537839
0.53736
0.536929
0.536561
0.536286
0.536442
0.536199
0.535756
0.535888
0.536078
0.53544
0.534279
0.534788
0.535358
0.534247
0.533801
0.533739
0.533568
0.533624
0.533746
0.534394
0.535839
0.536564
0.536223
0.536443
0.537234
0.538158
0.538064
0.538015
0.537862
0.538121
0.538104
0.538209
0.537764
0.537701
0.537081
0.536308
0.53577
0.534095
0.532881
0.532557
0.531351
0.529451
0.527877
0.525681
0.524532
0.524288
0.523371
0.522766
0.521897
0.520919
0.52032
0.520782
0.520582
0.520749
0.520912
0.52134
0.521749
0.521909
0.521482
0.522004
0.52299
0.523419
0.52491
0.525624
0.527921
0.529699
0.531222
0.533797
0.536842
0.538213
0.539093
0.540103
0.540982
0.539738
0.538575
0.537173
0.536444
0.536047
0.535217
0.535438
0.534662
0.532401
0.531975
0.529963
0.527826
0.525753
0.524477
0.523163
0.520842
0.519454
0.51845
0.516635
0.515303
0.514243
0.513578
0.512592
0.512098
0.51245
0.512429
0.512816
0.512954
0.514066
0.515339
0.516763
0.518127
0.519705
0.52036
0.521815
0.524212
0.525892
0.526913
0.527293
0.527937
0.528525
0.528647
0.528879
0.529011
0.529616
0.53053
0.530103
0.531276
0.531695
0.531784
0.532314
0.533384
0.53331
0.53423
0.53588
0.536568
0.536903
0.536532
0.537207
0.536965
0.537005
0.536983
0.536972
0.537678
0.538626
0.540036
0.541855
0.543633
0.545636
0.547899
0.549818
0.551389
0.552051
0.553216
0.553989
0.555454
0.555912
0.556062
0.556141
0.555033
0.555419
0.554253
0.55401
0.554139
0.552779
0.550513
0.549618
0.549481
0.548277
0.547942
0.547611
0.546184
0.545103
0.545116
0.544608
0.543875
0.543095
0.542177
0.541054
0.538776
0.53724
0.535688
0.534826
0.533637
0.532767
0.531725
0.53133
0.530723
0.529232
0.529979
0.530405
0.530718
0.530897
0.531358
0.532877
0.533219
0.533368
0.534602
0.535207
0.535523
0.535685
0.534592
0.536008
0.537063
0.537672
0.538489
0.538777
0.539267
0.539948
0.540113
0.539638
0.538592
0.538261
0.538033
0.536996
0.536704
0.536422
0.535557
0.534324
0.533913
0.53326
0.533207
0.532852
0.533104
0.533064
0.53261
0.532049
0.531814
0.531493
0.531349
0.530941
0.531613
0.531751
0.531799
0.531305
0.531647
0.533554
0.535392
0.536202
0.538939
0.541922
0.543251
0.54585
0.547739
0.549412
0.550456
0.550338
0.549789
0.548715
0.548219
0.548874
0.548604
0.546963
0.546155
0.544926
0.543726
0.54193
0.54033
0.538149
0.535469
0.532322
0.52995
0.527157
0.524661
0.522345
0.520102
0.518352
0.517358
0.516565
0.51477
0.513479
0.512662
0.512495
0.511649
0.510855
0.509624
0.510005
0.510314
0.510597
0.510642
0.511073
0.511055
0.511548
0.512891
0.514906
0.516507
0.517912
0.518718
0.519763
0.520969
0.523603
0.524736
0.526367
0.528123
0.53063
0.532443
0.534622
0.536327
0.537432
0.539319
0.539618
0.539592
0.540105
0.540332
0.539433
0.538396
0.538488
0.539016
0.538872
0.539196
0.539996
0.539834
0.540798
0.541138
0.542096
0.54264
0.542841
0.542421
0.542572
0.542842
0.543611
0.544571
0.545291
0.545445
0.545441
0.546338
0.545982
0.546203
0.547012
0.546715
0.547699
0.54812
0.547196
0.546309
0.545626
0.543939
0.543644
0.543068
0.54208
0.541739
0.540539
0.539896
0.53902
0.536827
0.536021
0.535152
0.534198
0.533169
0.532847
0.532095
0.531262
0.530643
0.530038
0.530872
0.531763
0.532577
0.533219
0.532942
0.533237
0.534222
0.53531
0.536756
0.537181
0.537434
0.538158
0.539465
0.539671
0.540522
0.54148
0.542347
0.542007
0.541439
0.541564
0.541046
0.541212
0.541256
0.540845
0.540802
0.54064
0.540539
0.540123
0.540558
0.540136
0.541019
0.541575
0.542556
0.543026
0.543491
0.54339
0.543648
0.543984
0.544849
0.545402
0.54447
0.543183
0.543808
0.54458
0.544335
0.544095
0.544679
0.545098
0.545133
0.544317
0.543158
0.542146
0.541206
0.54011
0.538961
0.539126
0.539264
0.538407
0.537594
0.535766
0.534577
0.533778
0.533068
0.532595
0.533087
0.53376
0.532876
0.532886
0.532386
0.532453
0.533061
0.532462
0.531736
0.53091
0.53027
0.528659
0.527104
0.526327
0.525467
0.524777
0.525112
0.524056
0.521934
0.520229
0.518977
0.518382
0.518783
0.519109
0.519735
0.520498
0.521535
0.522475
0.522153
0.522772
0.524743
0.525297
0.527402
0.530405
0.532577
0.53457
0.53656
0.535834
0.535016
0.534818
0.534061
0.533009
0.532917
0.531908
0.530836
0.531791
0.531688
0.532217
0.533106
0.532647
0.532439
0.531819
0.531818
0.530851
0.530334
0.530344
0.530061
0.528564
0.527287
0.525995
0.524767
0.524213
0.523095
0.522382
0.522
0.521464
0.521931
0.523183
0.525092
0.526299
0.526984
0.528028
0.528335
0.529788
0.530522
0.53102
0.532931
0.533885
0.534986
0.537673
0.539129
0.539616
0.541864
0.543848
0.544485
0.5457
0.545652
0.545246
0.545703
0.546831
0.546369
0.545701
0.544758
0.543529
0.542492
0.542444
0.541283
0.541187
0.540163
0.538902
0.53732
0.535809
0.533275
0.5334
0.532874
0.532459
0.531088
0.531281
0.529909
0.529795
0.530106
0.529386
0.528187
0.527064
0.526281
0.523861
0.523989
0.523662
0.522958
0.521081
0.521838
0.522854
0.522688
0.523159
0.523236
0.522884
0.523066
0.523394
0.523348
0.524185
0.52419
0.524505
0.525934
0.525795
0.526147
0.526901
0.525943
0.52534
0.526276
0.526957
0.527214
0.528023
0.528805
0.530881
0.532446
0.532756
0.534158
0.53457
0.53462
0.53406
0.533342
0.533735
0.534032
0.533819
0.533995
0.534753
0.534264
0.534146
0.535207
0.5348
0.534302
0.533976
0.53404
0.533684
0.531587
0.530659
0.530119
0.529313
0.528515
0.528338
0.527846
0.527428
0.526877
0.526272
0.527527
0.527586
0.527888
0.529673
0.531045
0.531967
0.533074
0.534151
0.53593
0.537308
0.537731
0.539176
0.539597
0.541673
0.542882
0.543367
0.543942
0.544725
0.546212
0.54717
0.54676
0.545786
0.546357
0.546782
0.546897
0.546372
0.545018
0.544083
0.54345
0.541334
0.54211
0.541986
0.541034
0.539526
0.538023
0.536648
0.534478
0.53269
0.531317
0.529068
0.526455
0.524722
0.523378
0.522038
0.522086
0.522923
0.523039
0.523843
0.524768
0.525507
0.526721
0.527409
0.528091
0.528673
0.531304
0.531894
0.531552
0.532229
0.533952
0.534861
0.535838
0.537103
0.537656
0.538108
0.538506
0.539646
0.539049
0.539645
0.540454
0.540767
0.54004
0.538895
0.538162
0.536909
0.535599
0.533687
0.532181
0.531041
0.529307
0.528873
0.528223
0.526016
0.525207
0.527053
0.527189
0.526334
0.525329
0.523901
0.523428
0.522178
0.520448
0.519975
0.51981
0.519426
0.518563
0.518868
0.519305
0.520019
0.520281
0.519748
0.519657
0.520141
0.519681
0.519858
0.519723
0.519668
0.519883
0.520695
0.520447
0.520475
0.521304
0.523214
0.524991
0.526567
0.527781
0.529871
0.531847
0.534739
0.537817
0.540265
0.542597
0.543974
0.543534
0.54398
0.545156
0.54477
0.545456
0.545838
0.546262
0.546864
0.546672
0.546858
0.546289
0.546579
0.547356
0.54729
0.548291
0.549051
0.550588
0.551406
0.552445
0.553712
0.55456
0.555782
0.557223
0.557621
0.558457
0.558667
0.557481
0.556662
0.556574
0.556445
0.555803
0.555484
0.555331
0.555148
0.555223
0.556384
0.555353
0.554225
0.553493
0.552869
0.552803
0.551764
0.550767
0.549245
0.546895
0.545089
0.543783
0.541976
0.540537
0.539404
0.53802
0.536946
0.535773
0.535392
0.533786
0.533529
0.533857
0.53401
0.533037
0.531058
0.529351
0.528188
0.527573
0.527138
0.526809
0.526224
0.526345
0.527195
0.52831
0.529094
0.529336
0.530237
0.530164
0.529892
0.529009
0.529459
0.528894
0.528473
0.528913
0.529641
0.530146
0.531241
0.53162
0.531591
0.532716
0.532428
0.531801
0.532497
0.532991
0.534216
0.534667
0.536527
0.537312
0.539913
0.539976
0.539392
0.539337
0.538662
0.538305
0.539024
0.539074
0.539798
0.539402
0.53975
0.540151
0.539528
0.540513
0.539165
0.538458
0.538297
0.537043
0.53638
0.535087
0.533952
0.533799
0.533771
0.53306
0.532878
0.533913
0.535037
0.53597
0.535774
0.536692
0.536143
0.536181
0.535636
0.536189
0.536147
0.535696
0.535819
0.536418
0.536514
0.53751
0.537902
0.538129
0.538619
0.538468
0.539825
0.540918
0.540664
0.54208
0.543045
0.544175
0.54615
0.546399
0.54743
0.548073
0.548387
0.548366
0.548377
0.549001
0.548528
0.54969
0.551034
0.551422
0.551419
0.551281
0.549924
0.55016
0.548733
0.547293
0.546037
0.544535
0.544033
0.542344
0.540921
0.539502
0.537424
0.536862
0.536132
0.535755
0.53567
0.534587
0.534148
0.534308
0.534516
0.533816
0.534378
0.534325
0.53466
0.534725
0.535238
0.536574
0.536569
0.536675
0.535942
0.53491
0.533828
0.532252
0.530714
0.529668
0.528308
0.527955
0.52681
0.525582
0.52455
0.52402
0.523874
0.52361
0.523263
0.523909
0.524298
0.523845
0.524275
0.525087
0.525578
0.52669
0.52785
0.528733
0.529437
0.530289
0.530283
0.529965
0.529162
0.528366
0.528317
0.52898
0.529316
0.528592
0.52768
0.527723
0.527359
0.527506
0.527478
0.527433
0.525241
0.525484
0.526159
0.525658
0.526209
0.52654
0.525654
0.525393
0.525861
0.525986
0.5261
0.527996
0.52811
0.528467
0.529344
0.529319
0.529658
0.53005
0.52946
0.52982
0.529792
0.528577
0.528164
0.527113
0.525954
0.526065
0.525398
0.524759
0.52396
0.522903
0.521725
0.520632
0.520359
0.519373
0.519788
0.51992
0.519476
0.520088
0.520387
0.520687
0.522078
0.524027
0.525522
0.52691
0.528123
0.529898
0.530783
0.532909
0.535114
0.53611
0.537336
0.539078
0.540906
0.541345
0.541604
0.54217
0.54204
0.54212
0.541737
0.541745
0.541371
0.541958
0.541623
0.541616
0.541319
0.540444
0.54033
0.540034
0.540125
0.540554
0.540424
0.540072
0.540931
0.541224
0.540449
0.539989
0.540033
0.539339
0.539532
0.538889
0.538361
0.538846
0.53874
0.539298
0.538887
0.53857
0.53738
0.537116
0.537757
0.537159
0.536556
0.535592
0.534617
0.533255
0.532426
0.531658
0.530761
0.530027
0.529357
0.529391
0.529944
0.53144
0.532536
0.53334
0.534106
0.536229
0.536106
0.538096
0.538887
0.540125
0.540044
0.540582
0.541228
0.542526
0.543257
0.545023
0.547333
0.547844
0.546963
0.546473
0.544707
0.542109
0.540507
0.539031
0.537784
0.537371
0.53595
0.534321
0.533603
0.532761
0.531925
0.531736
0.531198
0.531468
0.531643
0.530735
0.531871
0.533278
0.534465
0.535035
0.535361
0.535082
0.535474
0.534882
0.535214
0.534829
0.534877
0.534993
0.535211
0.534574
0.534557
0.534918
0.533821
0.533297
0.531828
0.531508
0.530941
0.529002
0.52912
0.528686
0.528219
0.527476
0.528243
0.528026
0.527101
0.526558
0.525589
0.525661
0.525461
0.525355
0.525638
0.526104
0.527743
0.528771
0.530111
0.531053
0.532431
0.533842
0.534676
0.535757
0.535763
0.53599
0.536339
0.536268
0.536601
0.537177
0.536688
0.53597
0.536785
0.536707
0.536547
0.537072
0.538071
0.538503
0.53916
0.540087
0.541582
0.543611
0.543222
0.544017
0.544377
0.54475
0.5447
0.54629
0.545721
0.544596
0.544852
0.54439
0.543816
0.543636
0.544926
0.5459
0.546947
0.54559
0.545908
0.544697
0.54398
0.542554
0.540673
0.53909
0.537555
0.535564
0.534197
0.532269
0.53165
0.530495
0.53078
0.530664
0.529903
0.529095
0.527493
0.52684
0.525858
0.525888
0.525894
0.526151
0.527045
0.528506
0.529073
0.529588
0.530638
0.531825
0.533687
0.534902
0.537249
0.539949
0.542124
0.544102
0.545432
0.54763
0.548917
0.550287
0.551255
0.551571
0.552234
0.552779
0.55269
0.552792
0.553556
0.554402
0.553202
0.55189
0.551779
0.550689
0.549188
0.547797
0.546073
0.543495
0.539994
0.538303
0.537102
0.535583
0.533408
0.53106
0.53035
0.530469
0.530486
0.528509
0.527635
0.526359
0.525929
0.525711
0.526032
0.526016
0.52553
0.526022
0.527336
0.528804
0.528784
0.528578
0.528044
0.527407
0.526803
0.525403
0.524884
0.52474
0.523685
0.523221
0.523071
0.523765
0.524068
0.524303
0.524295
0.524663
0.52405
0.5238
0.523663
0.524331
0.525466
0.526053
0.526643
0.527493
0.529249
0.530601
0.532387
0.532374
0.533356
0.533558
0.533648
0.534222
0.535013
0.535205
0.536259
0.536574
0.536943
0.538367
0.537949
0.538453
0.538116
0.53904
0.539612
0.539223
0.538717
0.539182
0.539825
0.539228
0.540242
0.541428
0.542641
0.543075
0.541685
0.540698
0.542118
0.541092
0.541463
0.541369
0.540977
0.540436
0.54141
0.539959
0.538668
0.536882
0.534819
0.533361
0.532001
0.530827
0.530473
0.529368
0.528902
0.529836
0.53102
0.531775
0.53207
0.531935
0.534057
0.533964
0.533561
0.533412
0.532398
0.531644
0.531775
0.531917
0.531103
0.529566
0.528868
0.528546
0.526975
0.526105
0.525761
0.52514
0.523338
0.522067
0.520549
0.519905
0.51905
0.518486
0.517886
0.517964
0.51756
0.51784
0.517582
0.518641
0.519419
0.521072
0.521473
0.52284
0.523966
0.525406
0.525839
0.527415
0.528074
0.529401
0.53096
0.531796
0.533972
0.535564
0.537272
0.538186
0.53878
0.539687
0.539806
0.539001
0.538426
0.538797
0.537084
0.534927
0.532559
0.531063
0.528671
0.527156
0.526479
0.525835
0.525797
0.525053
0.524823
0.525229
0.525248
0.526025
0.526632
0.527895
0.528935
0.530571
0.531243
0.53154
0.532282
0.53273
0.53354
0.534634
0.536648
0.53673
0.537068
0.536579
0.536012
0.5357
0.53472
0.535676
0.535507
0.53371
0.532836
0.532057
0.531768
0.531926
0.531942
0.533444
0.533327
0.53441
0.535131
0.536088
0.536225
0.536081
0.536266
0.535152
0.534215
0.534032
0.532797
0.531474
0.528904
0.528982
0.530173
0.529742
0.529366
0.530207
0.530902
0.529938
0.531484
0.531515
0.531377
0.532315
0.53176
0.531738
0.53143
0.530068
0.528148
0.527432
0.526819
0.526094
0.525277
0.523576
0.522639
0.520573
0.518219
0.517378
0.516457
0.515393
0.514761
0.514845
0.515339
0.516125
0.516702
0.517368
0.518415
0.519244
0.52006
0.521577
0.523819
0.525361
0.525673
0.526776
0.527854
0.527984
0.527786
0.528369
0.527913
0.527883
0.52694
0.526997
0.52518
0.524027
0.523625
0.523242
0.523848
0.522982
0.522158
0.522098
0.521727
0.522304
0.522548
0.523388
0.524157
0.524542
0.525165
0.525915
0.526979
0.52847
0.52965
0.531445
0.532718
0.53334
0.534219
0.534259
0.534463
0.534267
0.534487
0.535284
0.536182
0.536626
0.535834
0.535927
0.538373
0.539339
0.539858
0.540544
0.542168
0.544149
0.545778
0.546628
0.547848
0.548918
0.549772
0.550739
0.549907
0.550053
0.550508
0.55009
0.549014
0.548331
0.546058
0.544178
0.543523
0.543403
0.543347
0.543404
0.543155
0.543664
0.542807
0.542838
0.542714
0.54289
0.543199
0.542853
0.543422
0.543937
0.544178
0.544732
0.545411
0.54619
0.545554
0.546193
0.546457
0.545244
0.545333
0.545539
0.545201
0.545179
0.545289
0.545314
0.546047
0.547025
0.546051
0.546762
0.546168
0.54753
0.548701
0.548622
0.548734
0.548701
0.548594
0.548801
0.547922
0.547713
0.547633
0.548587
0.549342
0.549671
0.55045
0.550453
0.55063
0.55064
0.550905
0.549946
0.548464
0.548312
0.548132
0.548476
0.546122
0.543479
0.543459
0.542655
0.542731
0.543007
0.541958
0.540461
0.539355
0.538092
0.539483
0.540206
0.539581
0.538991
0.539315
0.539896
0.539783
0.539143
0.538789
0.539951
0.539834
0.540224
0.540123
0.540193
0.539937
0.539823
0.539297
0.538668
0.538776
0.538282
0.536988
0.537985
0.537846
0.53749
0.537362
0.537761
0.538152
0.538898
0.539254
0.539763
0.540407
0.541277
0.540987
0.540766
0.541317
0.542945
0.542193
0.541306
0.539614
0.538949
0.538124
0.536025
0.534245
0.533523
0.532092
0.531359
0.530623
0.530262
0.53006
0.530382
0.530424
0.529585
0.526624
0.527937
0.527488
0.526975
0.525397
0.524485
0.525347
0.526275
0.525551
0.526495
0.52668
0.526172
0.526607
0.52605
0.526892
0.526892
0.527042
0.526883
0.526947
0.526025
0.526534
0.52753
0.527603
0.527593
0.527926
0.528827
0.530126
0.531707
0.533881
0.535063
0.537082
0.540539
0.543174
0.544959
0.547015
0.549025
0.551684
0.555075
0.556269
0.556743
0.556151
0.556092
0.554315
0.552534
0.550896
0.549607
0.54838
0.546746
0.545264
0.543543
0.541966
0.540311
0.539318
0.537783
0.536245
0.534956
0.533354
0.533693
0.53263
0.532145
0.532705
0.53294
0.533633
0.533579
0.53471
0.535049
0.535773
0.537082
0.537448
0.537173
0.536653
0.538087
0.538065
0.538434
0.540504
0.541038
0.540872
0.540535
0.540819
0.542464
0.543187
0.542458
0.541529
0.542498
0.542294
0.54035
0.540215
0.539618
0.539095
0.537415
0.535152
0.535692
0.534995
0.534337
0.535172
0.535118
0.536503
0.536458
0.53651
0.535688
0.534177
0.533844
0.533951
0.53314
0.533858
0.534207
0.534477
0.534722
0.535308
0.534733
0.533287
0.532382
0.531266
0.530069
0.528825
0.528148
0.527729
0.52773
0.527414
0.527351
0.526587
0.526707
0.52484
0.523981
0.522605
0.522143
0.521224
0.520744
0.520454
0.519462
0.518353
0.517904
0.516898
0.515908
0.515836
0.513748
0.513145
0.512634
0.511137
0.509027
0.506915
0.505679
0.505479
0.504444
0.505027
0.506368
0.506831
0.509718
0.512401
0.514095
0.517106
0.520399
0.523183
0.526797
0.528705
0.531835
0.534077
0.536079
0.538027
0.539647
0.542887
0.543998
0.546438
0.547664
0.547882
0.549233
0.54975
0.549774
0.549764
0.54878
0.547704
0.547758
0.547121
0.546411
0.544533
0.54284
0.541467
0.540037
0.53844
0.538435
0.536471
0.536427
0.533994
0.535595
0.536391
0.536887
0.536866
0.537366
0.538589
0.539023
0.539352
0.540245
0.540994
0.544267
0.546109
0.549118
0.552356
0.554212
0.554617
0.554335
0.555789
0.556065
0.556078
0.554712
0.55398
0.553173
0.553812
0.5536
0.552178
0.550862
0.550164
0.549146
0.546203
0.544525
0.544076
0.544036
0.542575
0.541593
0.53987
0.538813
0.53791
0.53781
0.537338
0.536618
0.53545
0.534781
0.535489
0.535664
0.536143
0.535856
0.535942
0.536492
0.536571
0.536726
0.537345
0.537265
0.53853
0.539732
0.54058
0.540801
0.541975
0.543116
0.543301
0.544789
0.545609
0.545688
0.545393
0.546148
0.546358
0.547007
0.547487
0.545546
0.544209
0.542135
0.53901
0.536589
0.533692
0.529948
0.526519
0.52465
0.521784
0.518503
0.516644
0.514178
0.511128
0.509587
0.508341
0.50701
0.505623
0.505061
0.504589
0.50399
0.504789
0.505307
0.506447
0.5079
0.509051
0.510054
0.51126
0.512783
0.514156
0.51564
0.517689
0.520278
0.522529
0.52411
0.526276
0.528279
0.531633
0.534181
0.53519
0.536561
0.539001
0.539203
0.539164
